Ray      
  53.83938785   0.82007348 
  51.65678124   0.81909086 
  49.40629038   0.81783243 
  47.07731190   0.81621376 
  44.65669360   0.81411750 
  42.12775753   0.81137608 
  39.46878622   0.80774216 
  36.65056024   0.80283542 
  53.83938780   0.82007348 
  51.65678119   0.81909086 
  49.40629033   0.81783243 
  47.07731185   0.81621376 
  44.65669354   0.81411750 
  42.12775747   0.81137608 
  39.46878616   0.80774216 
  36.65056018   0.80283542 
  53.83938776   0.82007348 
  51.65678114   0.81909086 
  49.40629028   0.81783243 
  47.07731180   0.81621376 
  44.65669349   0.81411750 
  42.12775741   0.81137608 
  39.46878610   0.80774216 
  36.65056011   0.80283542 
  53.83938771   0.82007348 
  51.65678109   0.81909086 
  49.40629023   0.81783243 
  47.07731175   0.81621376 
  44.65669344   0.81411750 
  42.12775735   0.81137608 
  39.46878604   0.80774216 
  36.65056005   0.80283542 
  53.83938766   0.82007348 
  51.65678104   0.81909086 
  49.40629018   0.81783243 
  47.07731169   0.81621376 
  44.65669338   0.81411750 
  42.12775730   0.81137608 
  39.46878598   0.80774216 
  36.65055999   0.80283542 
  53.83938761   0.82007348 
  51.65678099   0.81909086 
  49.40629013   0.81783243 
  47.07731164   0.81621376 
  44.65669333   0.81411750 
  42.12775724   0.81137608 
  39.46878592   0.80774216 
  36.65055992   0.80283542 
  53.83938757   0.82007348 
  51.65678094   0.81909086 
  49.40629008   0.81783243 
  47.07731159   0.81621376 
  44.65669327   0.81411750 
  42.12775718   0.81137608 
  39.46878586   0.80774216 
  36.65055986   0.80283542 
  53.83938752   0.82007348 
  51.65678090   0.81909086 
  49.40629003   0.81783243 
  47.07731154   0.81621376 
  44.65669322   0.81411750 
  42.12775713   0.81137608 
  39.46878580   0.80774216 
  36.65055979   0.80283542 
  53.83938747   0.82007348 
  51.65678085   0.81909086 
  49.40628998   0.81783243 
  47.07731149   0.81621376 
  44.65669316   0.81411750 
  42.12775707   0.81137608 
  39.46878574   0.80774216 
  36.65055973   0.80283542 
  53.83938743   0.82007348 
  51.65678080   0.81909086 
  49.40628992   0.81783243 
  47.07731143   0.81621376 
  44.65669311   0.81411750 
  42.12775701   0.81137608 
  39.46878568   0.80774216 
  36.65055967   0.80283542 
  53.83938738   0.82007348 
  51.65678075   0.81909086 
  49.40628987   0.81783243 
  47.07731138   0.81621376 
  44.65669306   0.81411750 
  42.12775696   0.81137608 
  39.46878562   0.80774216 
  36.65055960   0.80283542 
  53.83938733   0.82007348 
  51.65678070   0.81909086 
  49.40628982   0.81783243 
  47.07731133   0.81621376 
  44.65669300   0.81411750 
  42.12775690   0.81137608 
  39.46878556   0.80774216 
  36.65055954   0.80283542 
  53.83938728   0.82007348 
  51.65678065   0.81909086 
  49.40628977   0.81783243 
  47.07731128   0.81621376 
  44.65669295   0.81411750 
  42.12775684   0.81137608 
  39.46878550   0.80774215 
  36.65055948   0.80283542 
  53.83938724   0.82007348 
  51.65678060   0.81909086 
  49.40628972   0.81783243 
  47.07731123   0.81621376 
  44.65669289   0.81411750 
  42.12775679   0.81137608 
  39.46878544   0.80774215 
  36.65055941   0.80283542 
  53.83938719   0.82007348 
  51.65678056   0.81909086 
  49.40628967   0.81783243 
  47.07731117   0.81621376 
  44.65669284   0.81411750 
  42.12775673   0.81137608 
  39.46878538   0.80774215 
  36.65055935   0.80283542 
  53.83938714   0.82007348 
  51.65678051   0.81909086 
  49.40628962   0.81783243 
  47.07731112   0.81621376 
  44.65669279   0.81411750 
  42.12775667   0.81137608 
  39.46878532   0.80774215 
  36.65055928   0.80283542 
  53.83938710   0.82007348 
  51.65678046   0.81909086 
  49.40628957   0.81783243 
  47.07731107   0.81621376 
  44.65669273   0.81411750 
  42.12775662   0.81137608 
  39.46878526   0.80774215 
  36.65055922   0.80283542 
  53.83938705   0.82007348 
  51.65678041   0.81909086 
  49.40628952   0.81783243 
  47.07731102   0.81621376 
  44.65669268   0.81411750 
  42.12775656   0.81137608 
  39.46878520   0.80774215 
  36.65055916   0.80283542 
  53.83938700   0.82007348 
  51.65678036   0.81909086 
  49.40628947   0.81783243 
  47.07731097   0.81621376 
  44.65669262   0.81411750 
  42.12775650   0.81137608 
  39.46878514   0.80774215 
  36.65055909   0.80283542 
  53.83938695   0.82007348 
  51.65678031   0.81909086 
  49.40628942   0.81783243 
  47.07731091   0.81621376 
  44.65669257   0.81411750 
  42.12775645   0.81137608 
  39.46878508   0.80774215 
  36.65055903   0.80283542 
  53.83938691   0.82007348 
  51.65678026   0.81909086 
  49.40628937   0.81783243 
  47.07731086   0.81621376 
  44.65669251   0.81411750 
  42.12775639   0.81137608 
  39.46878502   0.80774215 
  36.65055896   0.80283542 
  53.83938686   0.82007348 
  51.65678022   0.81909086 
  49.40628932   0.81783243 
  47.07731081   0.81621376 
  44.65669246   0.81411750 
  42.12775633   0.81137608 
  39.46878496   0.80774215 
  36.65055890   0.80283542 
  53.83938681   0.82007348 
  51.65678017   0.81909086 
  49.40628927   0.81783243 
  47.07731076   0.81621376 
  44.65669241   0.81411750 
  42.12775628   0.81137608 
  39.46878490   0.80774215 
  36.65055884   0.80283542 
  53.83938677   0.82007348 
  51.65678012   0.81909086 
  49.40628922   0.81783243 
  47.07731071   0.81621376 
  44.65669235   0.81411750 
  42.12775622   0.81137608 
  39.46878484   0.80774215 
  36.65055877   0.80283542 
  53.83938672   0.82007348 
  51.65678007   0.81909086 
  49.40628917   0.81783243 
  47.07731065   0.81621376 
  44.65669230   0.81411750 
  42.12775616   0.81137608 
  39.46878478   0.80774215 
  36.65055871   0.80283542 
