Ref    
  88.63406181   0.21014566 
  62.37186611   0.16819388 
  35.56218973   0.15117216 
  88.63406255   0.21014566 
  62.37186553   0.16819388 
  35.56218909   0.15117216 
  88.63406330   0.21014565 
  62.37186496   0.16819388 
  35.56218844   0.15117215 
  88.63406404   0.21014565 
  62.37186438   0.16819388 
  35.56218780   0.15117215 
  88.63406479   0.21014565 
  62.37186380   0.16819388 
  35.56218715   0.15117215 
  88.63406553   0.21014565 
  62.37186323   0.16819388 
  35.56218651   0.15117215 
  88.63406628   0.21014565 
  62.37186265   0.16819388 
  35.56218586   0.15117215 
  88.63406702   0.21014565 
  62.37186207   0.16819388 
  35.56218522   0.15117215 
  88.63406777   0.21014564 
  62.37186150   0.16819388 
  35.56218457   0.15117215 
  88.63406851   0.21014564 
  62.37186092   0.16819388 
  35.56218393   0.15117215 
  88.63406926   0.21014564 
  62.37186034   0.16819388 
  35.56218328   0.15117215 
  88.63407000   0.21014564 
  62.37185977   0.16819387 
  35.56218264   0.15117215 
  88.63407074   0.21014564 
  62.37185919   0.16819387 
  35.56218199   0.15117215 
  88.63407149   0.21014563 
  62.37185861   0.16819387 
  35.56218134   0.15117215 
  88.63407223   0.21014563 
  62.37185804   0.16819387 
  35.56218070   0.15117215 
  88.63407298   0.21014563 
  62.37185746   0.16819387 
  35.56218005   0.15117215 
  88.63407372   0.21014563 
  62.37185688   0.16819387 
  35.56217941   0.15117215 
  88.63407447   0.21014563 
  62.37185631   0.16819387 
  35.56217876   0.15117215 
  88.63407521   0.21014563 
  62.37185573   0.16819387 
  35.56217812   0.15117215 
  88.63407596   0.21014562 
  62.37185515   0.16819387 
  35.56217747   0.15117215 
  88.63407670   0.21014562 
  62.37185458   0.16819387 
  35.56217683   0.15117215 
  88.63407745   0.21014562 
  62.37185400   0.16819387 
  35.56217618   0.15117215 
  88.63407819   0.21014562 
  62.37185342   0.16819387 
  35.56217554   0.15117215 
  88.63407894   0.21014562 
  62.37185285   0.16819387 
  35.56217489   0.15117215 
  88.63407968   0.21014561 
  62.37185227   0.16819387 
  35.56217425   0.15117215 
