1, 1, 2, 32, 31 
2, 2, 3, 33, 32 
3, 3, 4, 34, 33 
4, 4, 5, 35, 34 
5, 5, 6, 36, 35 
6, 6, 7, 37, 36 
7, 7, 8, 38, 37 
8, 8, 9, 39, 38 
9, 9, 10, 40, 39 
10, 10, 11, 41, 40 
11, 11, 12, 42, 41 
12, 12, 13, 43, 42 
13, 13, 14, 44, 43 
14, 14, 15, 45, 44 
15, 15, 16, 46, 45 
16, 16, 17, 47, 46 
17, 17, 18, 48, 47 
18, 18, 19, 49, 48 
19, 19, 20, 50, 49 
20, 20, 21, 51, 50 
21, 21, 22, 52, 51 
22, 22, 23, 53, 52 
23, 23, 24, 54, 53 
24, 24, 25, 55, 54 
25, 25, 26, 56, 55 
26, 26, 27, 57, 56 
27, 27, 28, 58, 57 
28, 28, 29, 59, 58 
29, 29, 30, 60, 59 
30, 31, 32, 62, 61 
31, 32, 33, 63, 62 
32, 33, 34, 64, 63 
33, 34, 35, 65, 64 
34, 35, 36, 66, 65 
35, 36, 37, 67, 66 
36, 37, 38, 68, 67 
37, 38, 39, 69, 68 
38, 39, 40, 70, 69 
39, 40, 41, 71, 70 
40, 41, 42, 72, 71 
41, 42, 43, 73, 72 
42, 43, 44, 74, 73 
43, 44, 45, 75, 74 
44, 45, 46, 76, 75 
45, 46, 47, 77, 76 
46, 47, 48, 78, 77 
47, 48, 49, 79, 78 
48, 49, 50, 80, 79 
49, 50, 51, 81, 80 
50, 51, 52, 82, 81 
51, 52, 53, 83, 82 
52, 53, 54, 84, 83 
53, 54, 55, 85, 84 
54, 55, 56, 86, 85 
55, 56, 57, 87, 86 
56, 57, 58, 88, 87 
57, 58, 59, 89, 88 
58, 59, 60, 90, 89 
59, 61, 62, 92, 91 
60, 62, 63, 93, 92 
61, 63, 64, 94, 93 
62, 64, 65, 95, 94 
63, 65, 66, 96, 95 
64, 66, 67, 97, 96 
65, 67, 68, 98, 97 
66, 68, 69, 99, 98 
67, 69, 70, 100, 99 
68, 70, 71, 101, 100 
69, 71, 72, 102, 101 
70, 72, 73, 103, 102 
71, 73, 74, 104, 103 
72, 74, 75, 105, 104 
73, 75, 76, 106, 105 
74, 76, 77, 107, 106 
75, 77, 78, 108, 107 
76, 78, 79, 109, 108 
77, 79, 80, 110, 109 
78, 80, 81, 111, 110 
79, 81, 82, 112, 111 
80, 82, 83, 113, 112 
81, 83, 84, 114, 113 
82, 84, 85, 115, 114 
83, 85, 86, 116, 115 
84, 86, 87, 117, 116 
85, 87, 88, 118, 117 
86, 88, 89, 119, 118 
87, 89, 90, 120, 119 
88, 91, 92, 122, 121 
89, 92, 93, 123, 122 
90, 93, 94, 124, 123 
91, 94, 95, 125, 124 
92, 95, 96, 126, 125 
93, 96, 97, 127, 126 
94, 97, 98, 128, 127 
95, 98, 99, 129, 128 
96, 99, 100, 130, 129 
97, 100, 101, 131, 130 
98, 101, 102, 132, 131 
99, 102, 103, 133, 132 
100, 103, 104, 134, 133 
101, 104, 105, 135, 134 
102, 105, 106, 136, 135 
103, 106, 107, 137, 136 
104, 107, 108, 138, 137 
105, 108, 109, 139, 138 
106, 109, 110, 140, 139 
107, 110, 111, 141, 140 
108, 111, 112, 142, 141 
109, 112, 113, 143, 142 
110, 113, 114, 144, 143 
111, 114, 115, 145, 144 
112, 115, 116, 146, 145 
113, 116, 117, 147, 146 
114, 117, 118, 148, 147 
115, 118, 119, 149, 148 
116, 119, 120, 150, 149 
117, 121, 122, 152, 151 
118, 122, 123, 153, 152 
119, 123, 124, 154, 153 
120, 124, 125, 155, 154 
121, 125, 126, 156, 155 
122, 126, 127, 157, 156 
123, 127, 128, 158, 157 
124, 128, 129, 159, 158 
125, 129, 130, 160, 159 
126, 130, 131, 161, 160 
127, 131, 132, 162, 161 
128, 132, 133, 163, 162 
129, 133, 134, 164, 163 
130, 134, 135, 165, 164 
131, 135, 136, 166, 165 
132, 136, 137, 167, 166 
133, 137, 138, 168, 167 
134, 138, 139, 169, 168 
135, 139, 140, 170, 169 
136, 140, 141, 171, 170 
137, 141, 142, 172, 171 
138, 142, 143, 173, 172 
139, 143, 144, 174, 173 
140, 144, 145, 175, 174 
141, 145, 146, 176, 175 
142, 146, 147, 177, 176 
143, 147, 148, 178, 177 
144, 148, 149, 179, 178 
145, 149, 150, 180, 179 
146, 151, 152, 182, 181 
147, 152, 153, 183, 182 
148, 153, 154, 184, 183 
149, 154, 155, 185, 184 
150, 155, 156, 186, 185 
151, 156, 157, 187, 186 
152, 157, 158, 188, 187 
153, 158, 159, 189, 188 
154, 159, 160, 190, 189 
155, 160, 161, 191, 190 
156, 161, 162, 192, 191 
157, 162, 163, 193, 192 
158, 163, 164, 194, 193 
159, 164, 165, 195, 194 
160, 165, 166, 196, 195 
161, 166, 167, 197, 196 
162, 167, 168, 198, 197 
163, 168, 169, 199, 198 
164, 169, 170, 200, 199 
165, 170, 171, 201, 200 
166, 171, 172, 202, 201 
167, 172, 173, 203, 202 
168, 173, 174, 204, 203 
169, 174, 175, 205, 204 
170, 175, 176, 206, 205 
171, 176, 177, 207, 206 
172, 177, 178, 208, 207 
173, 178, 179, 209, 208 
174, 179, 180, 210, 209 
175, 181, 182, 212, 211 
176, 182, 183, 213, 212 
177, 183, 184, 214, 213 
178, 184, 185, 215, 214 
179, 185, 186, 216, 215 
180, 186, 187, 217, 216 
181, 187, 188, 218, 217 
182, 188, 189, 219, 218 
183, 189, 190, 220, 219 
184, 190, 191, 221, 220 
185, 191, 192, 222, 221 
186, 192, 193, 223, 222 
187, 193, 194, 224, 223 
188, 194, 195, 225, 224 
189, 195, 196, 226, 225 
190, 196, 197, 227, 226 
191, 197, 198, 228, 227 
192, 198, 199, 229, 228 
193, 199, 200, 230, 229 
194, 200, 201, 231, 230 
195, 201, 202, 232, 231 
196, 202, 203, 233, 232 
197, 203, 204, 234, 233 
198, 204, 205, 235, 234 
199, 205, 206, 236, 235 
200, 206, 207, 237, 236 
201, 207, 208, 238, 237 
202, 208, 209, 239, 238 
203, 209, 210, 240, 239 
204, 211, 212, 242, 241 
205, 212, 213, 243, 242 
206, 213, 214, 244, 243 
207, 214, 215, 245, 244 
208, 215, 216, 246, 245 
209, 216, 217, 247, 246 
210, 217, 218, 248, 247 
211, 218, 219, 249, 248 
212, 219, 220, 250, 249 
213, 220, 221, 251, 250 
214, 221, 222, 252, 251 
215, 222, 223, 253, 252 
216, 223, 224, 254, 253 
217, 224, 225, 255, 254 
218, 225, 226, 256, 255 
219, 226, 227, 257, 256 
220, 227, 228, 258, 257 
221, 228, 229, 259, 258 
222, 229, 230, 260, 259 
223, 230, 231, 261, 260 
224, 231, 232, 262, 261 
225, 232, 233, 263, 262 
226, 233, 234, 264, 263 
227, 234, 235, 265, 264 
228, 235, 236, 266, 265 
229, 236, 237, 267, 266 
230, 237, 238, 268, 267 
231, 238, 239, 269, 268 
232, 239, 240, 270, 269 
233, 241, 242, 272, 271 
234, 242, 243, 273, 272 
235, 243, 244, 274, 273 
236, 244, 245, 275, 274 
237, 245, 246, 276, 275 
238, 246, 247, 277, 276 
239, 247, 248, 278, 277 
240, 248, 249, 279, 278 
241, 249, 250, 280, 279 
242, 250, 251, 281, 280 
243, 251, 252, 282, 281 
244, 252, 253, 283, 282 
245, 253, 254, 284, 283 
246, 254, 255, 285, 284 
247, 255, 256, 286, 285 
248, 256, 257, 287, 286 
249, 257, 258, 288, 287 
250, 258, 259, 289, 288 
251, 259, 260, 290, 289 
252, 260, 261, 291, 290 
253, 261, 262, 292, 291 
254, 262, 263, 293, 292 
255, 263, 264, 294, 293 
256, 264, 265, 295, 294 
257, 265, 266, 296, 295 
258, 266, 267, 297, 296 
259, 267, 268, 298, 297 
260, 268, 269, 299, 298 
261, 269, 270, 300, 299 
