0.011000 900.000000 
0.012000 900.000000 
0.013000 900.000000 
0.014000 900.000000 
0.015000 900.000000 
0.016000 900.000000 
0.017000 900.000000 
0.018000 900.000000 
0.019000 900.000000 
0.020000 900.000000 
0.021000 900.000000 
0.022000 900.000000 
0.023000 900.000000 
0.024000 900.000000 
0.025000 900.000000 
0.026000 900.000000 
0.027000 900.000000 
0.028000 900.000000 
0.029000 900.000000 
0.030000 900.000000 
0.031000 900.000000 
0.032000 900.000000 
0.033000 900.000000 
0.034000 900.000000 
0.035000 900.000000 
0.036000 900.000000 
0.037000 900.000000 
0.038000 900.000000 
0.039000 900.000000 
0.040000 900.000000 
0.041000 900.000000 
0.042000 900.000000 
0.043000 900.000000 
0.044000 900.000000 
0.045000 900.000000 
0.046000 900.000000 
0.047000 900.000000 
0.048000 900.000000 
0.049000 900.000000 
0.050000 900.000000 
0.051000 900.000000 
0.052000 900.000000 
0.053000 900.000000 
0.054000 900.000000 
0.055000 900.000000 
0.056000 900.000000 
0.057000 900.000000 
0.058000 900.000000 
0.059000 900.000000 
0.060000 900.000000 
0.061000 900.000000 
0.062000 900.000000 
0.063000 900.000000 
0.064000 900.000000 
0.065000 900.000000 
0.066000 900.000000 
0.067000 900.000000 
0.068000 900.000000 
0.069000 900.000000 
0.070000 900.000000 
0.071000 900.000000 
0.072000 900.000000 
0.073000 900.000000 
0.074000 900.000000 
0.075000 900.000000 
0.076000 900.000000 
0.077000 900.000000 
0.078000 900.000000 
0.079000 900.000000 
0.080000 900.000000 
0.081000 900.000000 
0.082000 900.000000 
0.083000 900.000000 
0.084000 900.000000 
0.085000 900.000000 
0.086000 900.000000 
0.087000 900.000000 
0.088000 900.000000 
0.089000 900.000000 
0.090000 900.000000 
0.091000 900.000000 
0.092000 900.000000 
0.093000 900.000000 
0.094000 900.000000 
0.095000 900.000000 
0.096000 900.000000 
0.097000 900.000000 
0.098000 900.000000 
0.099000 900.000000 
0.100000 900.000000 
0.101000 900.000000 
0.102000 900.000000 
0.103000 900.000000 
0.104000 900.000000 
0.105000 900.000000 
0.106000 900.000000 
0.107000 900.000000 
0.108000 900.000000 
0.109000 900.000000 
0.110000 900.000000 
0.111000 900.000000 
0.112000 900.000000 
0.113000 900.000000 
0.114000 900.000000 
0.115000 900.000000 
0.116000 900.000000 
0.117000 900.000000 
0.118000 900.000000 
0.119000 900.000000 
0.120000 900.000000 
0.121000 900.000000 
0.122000 900.000000 
0.123000 900.000000 
0.124000 900.000000 
0.125000 900.000000 
0.126000 900.000000 
0.127000 900.000000 
0.128000 900.000000 
0.129000 900.000000 
0.130000 900.000000 
0.131000 900.000000 
0.132000 900.000000 
0.133000 900.000000 
0.134000 900.000000 
0.135000 900.000000 
0.136000 900.000000 
0.137000 900.000000 
0.138000 900.000000 
0.139000 900.000000 
0.140000 900.000000 
0.140000 900.000000 
0.140000 900.000000 
0.140000 900.000000 
0.140000 900.000000 
0.140000 900.000000 
0.140000 900.000000 
0.140000 900.000000 
0.140000 900.000000 
0.140000 900.000000 
0.140000 900.000000 
0.140000 900.000000 
0.140000 900.000000 
0.140000 900.000000 
0.140000 900.000000 
0.140000 900.000000 
0.140000 900.000000 
0.140000 900.000000 
0.140000 900.000000 
0.140000 900.000000 
0.140000 900.000000 
0.140000 900.000000 
0.140000 900.000000 
0.140000 900.000000 
0.140000 900.000000 
0.140000 900.000000 
0.140000 900.000000 
0.140000 900.000000 
0.140000 900.000000 
0.140000 900.000000 
0.140000 900.000000 
0.140000 900.000000 
0.140000 900.000000 
0.140000 900.000000 
0.140000 900.000000 
0.140000 900.000000 
0.140000 900.000000 
0.140000 900.000000 
0.140000 900.000000 
0.140000 900.000000 
0.140000 900.000000 
0.140000 900.000000 
0.140000 900.000000 
0.140000 900.000000 
0.140000 900.000000 
0.140000 900.000000 
0.140000 900.000000 
0.140000 900.000000 
0.140000 900.000000 
0.140000 900.000000 
0.140000 900.000000 
0.140000 900.000000 
0.140000 900.000000 
0.140000 900.000000 
0.140000 900.000000 
0.140000 900.000000 
0.140000 900.000000 
0.140000 900.000000 
0.140000 900.000000 
0.140000 900.000000 
0.140000 900.000000 
0.140000 900.000000 
0.140000 900.000000 
0.140000 900.000000 
0.140000 900.000000 
0.140000 900.000000 
0.140000 900.000000 
0.140000 900.000000 
0.140000 900.000000 
0.140000 900.000000 
0.140000 900.000000 
0.140000 900.000000 
0.140000 900.000000 
0.140000 900.000000 
0.140000 900.000000 
0.140000 900.000000 
0.140000 900.000000 
0.140000 900.000000 
0.140000 900.000000 
0.140000 900.000000 
0.140000 900.000000 
0.140000 900.000000 
0.140000 900.000000 
0.140000 900.000000 
0.140000 900.000000 
0.140000 900.000000 
0.140000 900.000000 
0.140000 900.000000 
0.140000 900.000000 
0.140000 900.000000 
0.140000 900.000000 
0.140000 900.000000 
0.140000 900.000000 
0.140000 900.000000 
0.140000 900.000000 
0.140000 900.000000 
0.140000 900.000000 
0.140000 900.000000 
0.140000 900.000000 
0.140000 900.000000 
0.140000 900.000000 
0.140000 900.000000 
0.140000 900.000000 
0.140000 900.000000 
0.140000 900.000000 
0.140000 900.000000 
0.140000 900.000000 
0.140000 900.000000 
0.140000 900.000000 
0.140000 900.000000 
0.140000 900.000000 
0.140000 900.000000 
0.140000 900.000000 
0.140000 900.000000 
0.140000 900.000000 
0.140000 900.000000 
0.140000 900.000000 
0.140000 900.000000 
0.140000 900.000000 
0.140000 900.000000 
0.140000 900.000000 
0.140000 900.000000 
0.140000 900.000000 
0.140000 900.000000 
0.140000 900.000000 
0.140000 900.000000 
0.140000 900.000000 
0.140000 900.000000 
0.140000 900.000000 
0.140000 900.000000 
0.140000 900.000000 
0.140000 900.000000 
0.140000 900.000000 
0.140000 900.000000 
0.140000 900.000000 
0.140000 900.000000 
0.140000 900.000000 
0.140000 900.000000 
0.140000 900.000000 
0.140000 900.000000 
0.140000 900.000000 
0.140000 900.000000 
0.140000 900.000000 
0.140000 900.000000 
0.140000 900.000000 
0.140000 900.000000 
0.140000 900.000000 
0.140000 900.000000 
0.140000 900.000000 
0.140000 900.000000 
0.140000 900.000000 
0.140000 900.000000 
0.140000 900.000000 
0.140000 900.000000 
0.140000 900.000000 
0.140000 900.000000 
0.140000 900.000000 
0.140000 900.000000 
0.140000 900.000000 
0.140000 900.000000 
0.140000 900.000000 
0.140000 900.000000 
0.140000 900.000000 
0.140000 900.000000 
0.140000 900.000000 
0.140000 900.000000 
0.140000 900.000000 
0.140000 900.000000 
0.140000 900.000000 
0.140000 900.000000 
0.139000 900.000000 
0.138000 900.000000 
0.137000 900.000000 
0.136000 900.000000 
0.135000 900.000000 
0.134000 900.000000 
0.133000 900.000000 
0.132000 900.000000 
0.131000 900.000000 
0.130000 900.000000 
0.129000 900.000000 
0.128000 900.000000 
0.127000 900.000000 
0.126000 900.000000 
0.125000 900.000000 
0.124000 900.000000 
0.123000 900.000000 
0.122000 900.000000 
0.121000 900.000000 
0.120000 900.000000 
0.119000 900.000000 
0.118000 900.000000 
0.117000 900.000000 
0.116000 900.000000 
0.115000 900.000000 
0.114000 900.000000 
0.113000 900.000000 
0.112000 900.000000 
0.111000 900.000000 
0.110000 900.000000 
0.109000 900.000000 
0.108000 900.000000 
0.107000 900.000000 
0.106000 900.000000 
0.105000 900.000000 
0.104000 900.000000 
0.103000 900.000000 
0.102000 900.000000 
0.101000 900.000000 
0.100000 900.000000 
0.099000 900.000000 
0.098000 900.000000 
0.097000 900.000000 
0.096000 900.000000 
0.095000 900.000000 
0.094000 900.000000 
0.093000 900.000000 
0.092000 900.000000 
0.091000 900.000000 
0.090000 900.000000 
0.089000 900.000000 
0.088000 900.000000 
0.087000 900.000000 
0.086000 900.000000 
0.085000 900.000000 
0.084000 900.000000 
0.083000 900.000000 
0.082000 900.000000 
0.081000 900.000000 
0.080000 900.000000 
0.079000 900.000000 
0.078000 900.000000 
0.077000 900.000000 
0.076000 900.000000 
0.075000 900.000000 
0.074000 900.000000 
0.073000 900.000000 
0.072000 900.000000 
0.071000 900.000000 
0.070000 900.000000 
0.069000 900.000000 
0.068000 900.000000 
0.067000 900.000000 
0.066000 900.000000 
0.065000 900.000000 
0.064000 900.000000 
0.063000 900.000000 
0.062000 900.000000 
0.061000 900.000000 
0.060000 900.000000 
0.059000 900.000000 
0.058000 900.000000 
0.057000 900.000000 
0.056000 900.000000 
0.055000 900.000000 
0.054000 900.000000 
0.053000 900.000000 
0.052000 900.000000 
0.051000 900.000000 
0.050000 900.000000 
0.049000 900.000000 
0.048000 900.000000 
0.047000 900.000000 
0.046000 900.000000 
0.045000 900.000000 
0.044000 900.000000 
0.043000 900.000000 
0.042000 900.000000 
0.041000 900.000000 
0.040000 900.000000 
0.039000 900.000000 
0.038000 900.000000 
0.037000 900.000000 
0.036000 900.000000 
0.035000 900.000000 
0.034000 900.000000 
0.033000 900.000000 
0.032000 900.000000 
0.031000 900.000000 
0.030000 900.000000 
0.029000 900.000000 
0.028000 900.000000 
0.027000 900.000000 
0.026000 900.000000 
0.025000 900.000000 
0.024000 900.000000 
0.023000 900.000000 
0.022000 900.000000 
0.021000 900.000000 
0.020000 900.000000 
0.019000 900.000000 
0.018000 900.000000 
0.017000 900.000000 
0.016000 900.000000 
0.015000 900.000000 
0.014000 900.000000 
0.013000 900.000000 
0.012000 900.000000 
