    -0.14649011     0.05877171    0.31100354 
    -0.14414554     0.06430807    0.31100358 
    -0.14150909     0.06991883    0.31100362 
    -0.13855090     0.07561160    0.31100366 
    -0.13523380     0.08139586    0.31100371 
    -0.13151058     0.08728363    0.31100376 
    -0.12731980     0.09329058    0.31100381 
    -0.12257895     0.09943775    0.31100387 
    -0.15732928     0.09551874    0.31099647 
    -0.16730574     0.09791451    0.31099656 
    -0.17449083     0.10102179    0.31099663 
    -0.18021124     0.10450242    0.31099667 
    -0.18494331     0.10823497    0.31099671 
    -0.18892206     0.11215953    0.31099674 
    -0.19228194     0.11624185    0.31099676 
    -0.14649011     0.05877171    0.30967021 
    -0.14414554     0.06430807    0.30967024 
    -0.14150909     0.06991883    0.30967028 
    -0.13855090     0.07561160    0.30967033 
    -0.13523380     0.08139586    0.30967037 
    -0.13151058     0.08728363    0.30967042 
    -0.12731980     0.09329058    0.30967048 
    -0.12257895     0.09943775    0.30967054 
    -0.15732928     0.09551874    0.30966314 
    -0.16730574     0.09791451    0.30966323 
    -0.17449083     0.10102179    0.30966329 
    -0.18021124     0.10450242    0.30966334 
    -0.18494331     0.10823497    0.30966338 
    -0.18892206     0.11215953    0.30966341 
    -0.19228194     0.11624185    0.30966343 
    -0.14649011     0.05877171    0.30833687 
    -0.14414554     0.06430807    0.30833691 
    -0.14150909     0.06991883    0.30833695 
    -0.13855090     0.07561160    0.30833699 
    -0.13523380     0.08139586    0.30833704 
    -0.13151058     0.08728363    0.30833709 
    -0.12731980     0.09329058    0.30833715 
    -0.12257895     0.09943775    0.30833721 
    -0.15732928     0.09551874    0.30832981 
    -0.16730574     0.09791451    0.30832990 
    -0.17449083     0.10102179    0.30832996 
    -0.18021124     0.10450242    0.30833001 
    -0.18494331     0.10823497    0.30833004 
    -0.18892206     0.11215953    0.30833007 
    -0.19228194     0.11624185    0.30833010 
    -0.14649011     0.05877171    0.30700354 
    -0.14414554     0.06430807    0.30700358 
    -0.14150909     0.06991883    0.30700362 
    -0.13855090     0.07561160    0.30700366 
    -0.13523380     0.08139586    0.30700371 
    -0.13151058     0.08728363    0.30700376 
    -0.12731980     0.09329058    0.30700381 
    -0.12257895     0.09943775    0.30700387 
    -0.15732928     0.09551874    0.30699647 
    -0.16730574     0.09791451    0.30699656 
    -0.17449083     0.10102179    0.30699663 
    -0.18021124     0.10450242    0.30699667 
    -0.18494331     0.10823497    0.30699671 
    -0.18892206     0.11215953    0.30699674 
    -0.19228194     0.11624185    0.30699676 
    -0.14649011     0.05877171    0.30567021 
    -0.14414554     0.06430807    0.30567024 
    -0.14150909     0.06991883    0.30567028 
    -0.13855090     0.07561160    0.30567033 
    -0.13523380     0.08139586    0.30567037 
    -0.13151058     0.08728363    0.30567042 
    -0.12731980     0.09329058    0.30567048 
    -0.12257895     0.09943775    0.30567054 
    -0.15732928     0.09551874    0.30566314 
    -0.16730574     0.09791451    0.30566323 
    -0.17449083     0.10102179    0.30566329 
    -0.18021124     0.10450242    0.30566334 
    -0.18494331     0.10823497    0.30566338 
    -0.18892206     0.11215953    0.30566341 
    -0.19228194     0.11624185    0.30566343 
    -0.14649011     0.05877171    0.30433687 
    -0.14414554     0.06430807    0.30433691 
    -0.14150909     0.06991883    0.30433695 
    -0.13855090     0.07561160    0.30433699 
    -0.13523380     0.08139586    0.30433704 
    -0.13151058     0.08728363    0.30433709 
    -0.12731980     0.09329058    0.30433715 
    -0.12257895     0.09943775    0.30433721 
    -0.15732928     0.09551874    0.30432981 
    -0.16730574     0.09791451    0.30432990 
    -0.17449083     0.10102180    0.30432996 
    -0.18021124     0.10450242    0.30433001 
    -0.18494331     0.10823497    0.30433004 
    -0.18892206     0.11215953    0.30433007 
    -0.19228194     0.11624185    0.30433010 
    -0.14649011     0.05877171    0.30300354 
    -0.14414554     0.06430807    0.30300358 
    -0.14150909     0.06991883    0.30300362 
    -0.13855090     0.07561160    0.30300366 
    -0.13523380     0.08139586    0.30300371 
    -0.13151058     0.08728363    0.30300376 
    -0.12731980     0.09329058    0.30300381 
    -0.12257895     0.09943775    0.30300387 
    -0.15732928     0.09551874    0.30299647 
    -0.16730574     0.09791451    0.30299656 
    -0.17449083     0.10102180    0.30299663 
    -0.18021124     0.10450242    0.30299667 
    -0.18494331     0.10823497    0.30299671 
    -0.18892206     0.11215953    0.30299674 
    -0.19228194     0.11624185    0.30299676 
    -0.14649011     0.05877171    0.30167021 
    -0.14414554     0.06430807    0.30167024 
    -0.14150909     0.06991883    0.30167028 
    -0.13855090     0.07561160    0.30167033 
    -0.13523380     0.08139586    0.30167037 
    -0.13151058     0.08728363    0.30167042 
    -0.12731980     0.09329059    0.30167048 
    -0.12257895     0.09943775    0.30167054 
    -0.15732928     0.09551874    0.30166314 
    -0.16730574     0.09791451    0.30166323 
    -0.17449083     0.10102180    0.30166329 
    -0.18021124     0.10450242    0.30166334 
    -0.18494331     0.10823497    0.30166338 
    -0.18892206     0.11215953    0.30166341 
    -0.19228194     0.11624185    0.30166343 
    -0.14649011     0.05877171    0.30033687 
    -0.14414554     0.06430807    0.30033691 
    -0.14150909     0.06991883    0.30033695 
    -0.13855090     0.07561160    0.30033699 
    -0.13523380     0.08139586    0.30033704 
    -0.13151058     0.08728363    0.30033709 
    -0.12731980     0.09329059    0.30033715 
    -0.12257895     0.09943775    0.30033721 
    -0.15732928     0.09551874    0.30032981 
    -0.16730574     0.09791451    0.30032990 
    -0.17449083     0.10102180    0.30032996 
    -0.18021125     0.10450242    0.30033001 
    -0.18494331     0.10823497    0.30033004 
    -0.18892206     0.11215953    0.30033007 
    -0.19228194     0.11624185    0.30033010 
    -0.14649011     0.05877171    0.29900354 
    -0.14414554     0.06430807    0.29900358 
    -0.14150909     0.06991883    0.29900362 
    -0.13855090     0.07561160    0.29900366 
    -0.13523380     0.08139586    0.29900371 
    -0.13151058     0.08728363    0.29900376 
    -0.12731980     0.09329059    0.29900381 
    -0.12257895     0.09943775    0.29900387 
    -0.15732929     0.09551874    0.29899647 
    -0.16730574     0.09791451    0.29899656 
    -0.17449083     0.10102180    0.29899663 
    -0.18021125     0.10450242    0.29899667 
    -0.18494331     0.10823497    0.29899671 
    -0.18892206     0.11215953    0.29899674 
    -0.19228194     0.11624185    0.29899676 
    -0.14649011     0.05877171    0.29767021 
    -0.14414554     0.06430807    0.29767024 
    -0.14150909     0.06991883    0.29767028 
    -0.13855090     0.07561160    0.29767033 
    -0.13523380     0.08139586    0.29767037 
    -0.13151058     0.08728363    0.29767042 
    -0.12731980     0.09329059    0.29767048 
    -0.12257895     0.09943775    0.29767054 
    -0.15732929     0.09551874    0.29766314 
    -0.16730574     0.09791451    0.29766323 
    -0.17449083     0.10102180    0.29766329 
    -0.18021125     0.10450242    0.29766334 
    -0.18494331     0.10823497    0.29766338 
    -0.18892206     0.11215953    0.29766341 
    -0.19228194     0.11624185    0.29766343 
    -0.14649011     0.05877171    0.29633687 
    -0.14414554     0.06430807    0.29633691 
    -0.14150909     0.06991883    0.29633695 
    -0.13855090     0.07561160    0.29633699 
    -0.13523380     0.08139586    0.29633704 
    -0.13151058     0.08728363    0.29633709 
    -0.12731980     0.09329059    0.29633715 
    -0.12257895     0.09943775    0.29633721 
    -0.15732929     0.09551874    0.29632981 
    -0.16730574     0.09791451    0.29632990 
    -0.17449083     0.10102180    0.29632996 
    -0.18021125     0.10450242    0.29633001 
    -0.18494331     0.10823497    0.29633004 
    -0.18892206     0.11215953    0.29633007 
    -0.19228194     0.11624185    0.29633010 
    -0.14649011     0.05877171    0.29500354 
    -0.14414554     0.06430807    0.29500358 
    -0.14150909     0.06991883    0.29500362 
    -0.13855090     0.07561160    0.29500366 
    -0.13523380     0.08139586    0.29500371 
    -0.13151058     0.08728363    0.29500376 
    -0.12731980     0.09329059    0.29500381 
    -0.12257895     0.09943775    0.29500387 
    -0.15732929     0.09551874    0.29499647 
    -0.16730574     0.09791451    0.29499656 
    -0.17449083     0.10102180    0.29499663 
    -0.18021125     0.10450242    0.29499667 
    -0.18494331     0.10823497    0.29499671 
    -0.18892206     0.11215953    0.29499674 
    -0.19228194     0.11624185    0.29499676 
    -0.14649011     0.05877171    0.29367021 
    -0.14414554     0.06430807    0.29367024 
    -0.14150909     0.06991883    0.29367028 
    -0.13855090     0.07561160    0.29367033 
    -0.13523380     0.08139586    0.29367037 
    -0.13151058     0.08728363    0.29367042 
    -0.12731980     0.09329059    0.29367048 
    -0.12257895     0.09943775    0.29367054 
    -0.15732929     0.09551874    0.29366314 
    -0.16730574     0.09791451    0.29366323 
    -0.17449083     0.10102180    0.29366329 
    -0.18021125     0.10450242    0.29366334 
    -0.18494331     0.10823497    0.29366338 
    -0.18892206     0.11215953    0.29366341 
    -0.19228194     0.11624185    0.29366343 
    -0.14649011     0.05877171    0.29233687 
    -0.14414554     0.06430807    0.29233691 
    -0.14150909     0.06991883    0.29233695 
    -0.13855090     0.07561161    0.29233699 
    -0.13523380     0.08139586    0.29233704 
    -0.13151058     0.08728363    0.29233709 
    -0.12731980     0.09329059    0.29233715 
    -0.12257895     0.09943775    0.29233721 
    -0.15732929     0.09551874    0.29232981 
    -0.16730574     0.09791451    0.29232990 
    -0.17449083     0.10102180    0.29232996 
    -0.18021125     0.10450242    0.29233001 
    -0.18494331     0.10823497    0.29233004 
    -0.18892206     0.11215953    0.29233007 
    -0.19228194     0.11624185    0.29233010 
    -0.14649011     0.05877171    0.29100354 
    -0.14414554     0.06430807    0.29100358 
    -0.14150909     0.06991883    0.29100362 
    -0.13855090     0.07561161    0.29100366 
    -0.13523380     0.08139586    0.29100371 
    -0.13151058     0.08728363    0.29100376 
    -0.12731980     0.09329059    0.29100381 
    -0.12257895     0.09943775    0.29100387 
    -0.15732929     0.09551874    0.29099647 
    -0.16730574     0.09791451    0.29099656 
    -0.17449083     0.10102180    0.29099663 
    -0.18021125     0.10450242    0.29099667 
    -0.18494331     0.10823497    0.29099671 
    -0.18892206     0.11215953    0.29099674 
    -0.19228194     0.11624185    0.29099676 
    -0.14649011     0.05877171    0.28967021 
    -0.14414554     0.06430807    0.28967024 
    -0.14150909     0.06991883    0.28967028 
    -0.13855090     0.07561161    0.28967033 
    -0.13523380     0.08139586    0.28967037 
    -0.13151058     0.08728363    0.28967042 
    -0.12731980     0.09329059    0.28967048 
    -0.12257895     0.09943775    0.28967054 
    -0.15732929     0.09551874    0.28966314 
    -0.16730574     0.09791451    0.28966323 
    -0.17449083     0.10102180    0.28966329 
    -0.18021125     0.10450242    0.28966334 
    -0.18494331     0.10823497    0.28966338 
    -0.18892206     0.11215953    0.28966341 
    -0.19228194     0.11624185    0.28966343 
    -0.14649011     0.05877171    0.28833687 
    -0.14414554     0.06430807    0.28833691 
    -0.14150909     0.06991883    0.28833695 
    -0.13855090     0.07561161    0.28833699 
    -0.13523380     0.08139586    0.28833704 
    -0.13151058     0.08728363    0.28833709 
    -0.12731980     0.09329059    0.28833715 
    -0.12257895     0.09943775    0.28833721 
    -0.15732929     0.09551874    0.28832981 
    -0.16730574     0.09791451    0.28832990 
    -0.17449083     0.10102180    0.28832996 
    -0.18021125     0.10450242    0.28833001 
    -0.18494331     0.10823497    0.28833004 
    -0.18892206     0.11215953    0.28833007 
    -0.19228194     0.11624185    0.28833010 
    -0.14649011     0.05877171    0.28700354 
    -0.14414554     0.06430807    0.28700358 
    -0.14150909     0.06991883    0.28700362 
    -0.13855090     0.07561161    0.28700366 
    -0.13523380     0.08139586    0.28700371 
    -0.13151058     0.08728363    0.28700376 
    -0.12731980     0.09329059    0.28700381 
    -0.12257895     0.09943775    0.28700387 
    -0.15732929     0.09551874    0.28699647 
    -0.16730574     0.09791451    0.28699656 
    -0.17449083     0.10102180    0.28699663 
    -0.18021125     0.10450242    0.28699667 
    -0.18494331     0.10823497    0.28699671 
    -0.18892206     0.11215953    0.28699674 
    -0.19228194     0.11624185    0.28699676 
    -0.14649011     0.05877172    0.28567021 
    -0.14414554     0.06430807    0.28567024 
    -0.14150909     0.06991883    0.28567028 
    -0.13855090     0.07561161    0.28567033 
    -0.13523380     0.08139586    0.28567037 
    -0.13151058     0.08728363    0.28567042 
    -0.12731980     0.09329059    0.28567048 
    -0.12257895     0.09943775    0.28567054 
    -0.15732929     0.09551874    0.28566314 
    -0.16730574     0.09791451    0.28566323 
    -0.17449083     0.10102180    0.28566329 
    -0.18021125     0.10450242    0.28566334 
    -0.18494331     0.10823497    0.28566338 
    -0.18892206     0.11215953    0.28566341 
    -0.19228194     0.11624185    0.28566343 
    -0.14649011     0.05877172    0.28433687 
    -0.14414554     0.06430807    0.28433691 
    -0.14150909     0.06991883    0.28433695 
    -0.13855090     0.07561161    0.28433699 
    -0.13523380     0.08139586    0.28433704 
    -0.13151058     0.08728363    0.28433709 
    -0.12731980     0.09329059    0.28433715 
    -0.12257895     0.09943775    0.28433721 
    -0.15732929     0.09551874    0.28432981 
    -0.16730574     0.09791451    0.28432990 
    -0.17449083     0.10102180    0.28432996 
    -0.18021125     0.10450242    0.28433001 
    -0.18494331     0.10823497    0.28433004 
    -0.18892206     0.11215953    0.28433007 
    -0.19228194     0.11624185    0.28433010 
    -0.14649011     0.05877172    0.28300354 
    -0.14414554     0.06430807    0.28300358 
    -0.14150909     0.06991883    0.28300362 
    -0.13855090     0.07561161    0.28300366 
    -0.13523380     0.08139586    0.28300371 
    -0.13151058     0.08728363    0.28300376 
    -0.12731980     0.09329059    0.28300381 
    -0.12257895     0.09943775    0.28300387 
    -0.15732929     0.09551874    0.28299647 
    -0.16730574     0.09791451    0.28299656 
    -0.17449083     0.10102180    0.28299663 
    -0.18021125     0.10450242    0.28299667 
    -0.18494331     0.10823497    0.28299671 
    -0.18892206     0.11215953    0.28299674 
    -0.19228194     0.11624185    0.28299676 
    -0.14649011     0.05877172    0.28167021 
    -0.14414554     0.06430807    0.28167024 
    -0.14150909     0.06991884    0.28167028 
    -0.13855090     0.07561161    0.28167033 
    -0.13523380     0.08139586    0.28167037 
    -0.13151058     0.08728363    0.28167042 
    -0.12731980     0.09329059    0.28167048 
    -0.12257895     0.09943775    0.28167054 
    -0.15732929     0.09551874    0.28166314 
    -0.16730574     0.09791451    0.28166323 
    -0.17449083     0.10102180    0.28166329 
    -0.18021125     0.10450242    0.28166334 
    -0.18494331     0.10823497    0.28166338 
    -0.18892206     0.11215953    0.28166341 
    -0.19228194     0.11624185    0.28166343 
    -0.14649011     0.05877172    0.28033687 
    -0.14414554     0.06430807    0.28033691 
    -0.14150909     0.06991884    0.28033695 
    -0.13855090     0.07561161    0.28033699 
    -0.13523380     0.08139586    0.28033704 
    -0.13151058     0.08728363    0.28033709 
    -0.12731980     0.09329059    0.28033715 
    -0.12257895     0.09943775    0.28033721 
    -0.15732929     0.09551874    0.28032981 
    -0.16730574     0.09791451    0.28032990 
    -0.17449083     0.10102180    0.28032996 
    -0.18021125     0.10450242    0.28033001 
    -0.18494331     0.10823497    0.28033004 
    -0.18892206     0.11215953    0.28033007 
    -0.19228194     0.11624185    0.28033010 
    -0.14649011     0.05877172    0.27900354 
    -0.14414554     0.06430807    0.27900358 
    -0.14150909     0.06991884    0.27900362 
    -0.13855090     0.07561161    0.27900366 
    -0.13523379     0.08139586    0.27900371 
    -0.13151058     0.08728363    0.27900376 
    -0.12731980     0.09329059    0.27900381 
    -0.12257895     0.09943775    0.27900387 
    -0.15732929     0.09551874    0.27899647 
    -0.16730574     0.09791451    0.27899656 
    -0.17449083     0.10102180    0.27899663 
    -0.18021125     0.10450242    0.27899667 
    -0.18494331     0.10823497    0.27899671 
    -0.18892206     0.11215953    0.27899674 
    -0.19228194     0.11624185    0.27899676 
