  -0.48975754     -0.02872603     0.31100000  
   -0.14649011      0.05877171     0.31100354  
  nan nan nan 
  -0.49093960     -0.02408860     0.31100000  
   -0.14414554      0.06430807     0.31100358  
  nan nan nan 
  -0.49212167     -0.01945116     0.31100000  
   -0.14150909      0.06991883     0.31100362  
  nan nan nan 
  -0.49330373     -0.01481373     0.31100000  
   -0.13855090      0.07561160     0.31100366  
  nan nan nan 
  -0.49448580     -0.01017630     0.31100000  
   -0.13523380      0.08139586     0.31100371  
  nan nan nan 
  -0.49566787     -0.00553887     0.31100000  
   -0.13151058      0.08728363     0.31100376  
  nan nan nan 
  -0.49684993     -0.00090143     0.31100000  
   -0.12731980      0.09329058     0.31100381  
  nan nan nan 
  -0.49803200      0.00373600     0.31100000  
   -0.12257895      0.09943775     0.31100387  
  nan nan nan 
  -0.49921407      0.00837343     0.31100000  
   -0.15732928      0.09551874     0.31099647  
  nan nan nan 
  -0.50039613      0.01301086     0.31100000  
   -0.16730574      0.09791451     0.31099656  
  nan nan nan 
  -0.50157820      0.01764830     0.31100000  
   -0.17449083      0.10102179     0.31099663  
  nan nan nan 
  -0.50276027      0.02228573     0.31100000  
   -0.18021124      0.10450242     0.31099667  
  nan nan nan 
  -0.50394233      0.02692316     0.31100000  
   -0.18494331      0.10823497     0.31099671  
  nan nan nan 
  -0.50512440      0.03156059     0.31100000  
   -0.18892206      0.11215953     0.31099674  
  nan nan nan 
  -0.50630646      0.03619803     0.31100000  
   -0.19228194      0.11624185     0.31099676  
  nan nan nan 
  -0.48975754     -0.02872603     0.30966666  
   -0.14649011      0.05877171     0.30967021  
  nan nan nan 
  -0.49093960     -0.02408860     0.30966666  
   -0.14414554      0.06430807     0.30967024  
  nan nan nan 
  -0.49212167     -0.01945116     0.30966666  
   -0.14150909      0.06991883     0.30967028  
  nan nan nan 
  -0.49330373     -0.01481373     0.30966667  
   -0.13855090      0.07561160     0.30967033  
  nan nan nan 
  -0.49448580     -0.01017630     0.30966667  
   -0.13523380      0.08139586     0.30967037  
  nan nan nan 
  -0.49566787     -0.00553887     0.30966667  
   -0.13151058      0.08728363     0.30967042  
  nan nan nan 
  -0.49684993     -0.00090143     0.30966667  
   -0.12731980      0.09329058     0.30967048  
  nan nan nan 
  -0.49803200      0.00373600     0.30966667  
   -0.12257895      0.09943775     0.30967054  
  nan nan nan 
  -0.49921407      0.00837343     0.30966667  
   -0.15732928      0.09551874     0.30966314  
  nan nan nan 
  -0.50039613      0.01301086     0.30966667  
   -0.16730574      0.09791451     0.30966323  
  nan nan nan 
  -0.50157820      0.01764830     0.30966667  
   -0.17449083      0.10102179     0.30966329  
  nan nan nan 
  -0.50276027      0.02228573     0.30966667  
   -0.18021124      0.10450242     0.30966334  
  nan nan nan 
  -0.50394233      0.02692316     0.30966667  
   -0.18494331      0.10823497     0.30966338  
  nan nan nan 
  -0.50512440      0.03156059     0.30966667  
   -0.18892206      0.11215953     0.30966341  
  nan nan nan 
  -0.50630646      0.03619803     0.30966667  
   -0.19228194      0.11624185     0.30966343  
  nan nan nan 
  -0.48975754     -0.02872603     0.30833333  
   -0.14649011      0.05877171     0.30833687  
  nan nan nan 
  -0.49093960     -0.02408860     0.30833333  
   -0.14414554      0.06430807     0.30833691  
  nan nan nan 
  -0.49212167     -0.01945116     0.30833333  
   -0.14150909      0.06991883     0.30833695  
  nan nan nan 
  -0.49330373     -0.01481373     0.30833333  
   -0.13855090      0.07561160     0.30833699  
  nan nan nan 
  -0.49448580     -0.01017630     0.30833333  
   -0.13523380      0.08139586     0.30833704  
  nan nan nan 
  -0.49566787     -0.00553887     0.30833333  
   -0.13151058      0.08728363     0.30833709  
  nan nan nan 
  -0.49684993     -0.00090143     0.30833333  
   -0.12731980      0.09329058     0.30833715  
  nan nan nan 
  -0.49803200      0.00373600     0.30833333  
   -0.12257895      0.09943775     0.30833721  
  nan nan nan 
  -0.49921407      0.00837343     0.30833333  
   -0.15732928      0.09551874     0.30832981  
  nan nan nan 
  -0.50039613      0.01301086     0.30833333  
   -0.16730574      0.09791451     0.30832990  
  nan nan nan 
  -0.50157820      0.01764830     0.30833333  
   -0.17449083      0.10102179     0.30832996  
  nan nan nan 
  -0.50276027      0.02228573     0.30833333  
   -0.18021124      0.10450242     0.30833001  
  nan nan nan 
  -0.50394233      0.02692316     0.30833334  
   -0.18494331      0.10823497     0.30833004  
  nan nan nan 
  -0.50512440      0.03156059     0.30833334  
   -0.18892206      0.11215953     0.30833007  
  nan nan nan 
  -0.50630646      0.03619803     0.30833334  
   -0.19228194      0.11624185     0.30833010  
  nan nan nan 
  -0.48975754     -0.02872603     0.30700000  
   -0.14649011      0.05877171     0.30700354  
  nan nan nan 
  -0.49093960     -0.02408860     0.30700000  
   -0.14414554      0.06430807     0.30700358  
  nan nan nan 
  -0.49212167     -0.01945116     0.30700000  
   -0.14150909      0.06991883     0.30700362  
  nan nan nan 
  -0.49330373     -0.01481373     0.30700000  
   -0.13855090      0.07561160     0.30700366  
  nan nan nan 
  -0.49448580     -0.01017630     0.30700000  
   -0.13523380      0.08139586     0.30700371  
  nan nan nan 
  -0.49566787     -0.00553887     0.30700000  
   -0.13151058      0.08728363     0.30700376  
  nan nan nan 
  -0.49684993     -0.00090143     0.30700000  
   -0.12731980      0.09329058     0.30700381  
  nan nan nan 
  -0.49803200      0.00373600     0.30700000  
   -0.12257895      0.09943775     0.30700387  
  nan nan nan 
  -0.49921407      0.00837343     0.30700000  
   -0.15732928      0.09551874     0.30699647  
  nan nan nan 
  -0.50039613      0.01301086     0.30700000  
   -0.16730574      0.09791451     0.30699656  
  nan nan nan 
  -0.50157820      0.01764830     0.30700000  
   -0.17449083      0.10102179     0.30699663  
  nan nan nan 
  -0.50276027      0.02228573     0.30700000  
   -0.18021124      0.10450242     0.30699667  
  nan nan nan 
  -0.50394233      0.02692316     0.30700000  
   -0.18494331      0.10823497     0.30699671  
  nan nan nan 
  -0.50512440      0.03156059     0.30700000  
   -0.18892206      0.11215953     0.30699674  
  nan nan nan 
  -0.50630646      0.03619803     0.30700000  
   -0.19228194      0.11624185     0.30699676  
  nan nan nan 
  -0.48975754     -0.02872603     0.30566666  
   -0.14649011      0.05877171     0.30567021  
  nan nan nan 
  -0.49093960     -0.02408860     0.30566666  
   -0.14414554      0.06430807     0.30567024  
  nan nan nan 
  -0.49212167     -0.01945116     0.30566666  
   -0.14150909      0.06991883     0.30567028  
  nan nan nan 
  -0.49330373     -0.01481373     0.30566667  
   -0.13855090      0.07561160     0.30567033  
  nan nan nan 
  -0.49448580     -0.01017630     0.30566667  
   -0.13523380      0.08139586     0.30567037  
  nan nan nan 
  -0.49566787     -0.00553887     0.30566667  
   -0.13151058      0.08728363     0.30567042  
  nan nan nan 
  -0.49684993     -0.00090143     0.30566667  
   -0.12731980      0.09329058     0.30567048  
  nan nan nan 
  -0.49803200      0.00373600     0.30566667  
   -0.12257895      0.09943775     0.30567054  
  nan nan nan 
  -0.49921407      0.00837343     0.30566667  
   -0.15732928      0.09551874     0.30566314  
  nan nan nan 
  -0.50039613      0.01301086     0.30566667  
   -0.16730574      0.09791451     0.30566323  
  nan nan nan 
  -0.50157820      0.01764830     0.30566667  
   -0.17449083      0.10102179     0.30566329  
  nan nan nan 
  -0.50276027      0.02228573     0.30566667  
   -0.18021124      0.10450242     0.30566334  
  nan nan nan 
  -0.50394233      0.02692316     0.30566667  
   -0.18494331      0.10823497     0.30566338  
  nan nan nan 
  -0.50512440      0.03156059     0.30566667  
   -0.18892206      0.11215953     0.30566341  
  nan nan nan 
  -0.50630646      0.03619803     0.30566667  
   -0.19228194      0.11624185     0.30566343  
  nan nan nan 
  -0.48975754     -0.02872603     0.30433333  
   -0.14649011      0.05877171     0.30433687  
  nan nan nan 
  -0.49093960     -0.02408860     0.30433333  
   -0.14414554      0.06430807     0.30433691  
  nan nan nan 
  -0.49212167     -0.01945116     0.30433333  
   -0.14150909      0.06991883     0.30433695  
  nan nan nan 
  -0.49330373     -0.01481373     0.30433333  
   -0.13855090      0.07561160     0.30433699  
  nan nan nan 
  -0.49448580     -0.01017630     0.30433333  
   -0.13523380      0.08139586     0.30433704  
  nan nan nan 
  -0.49566787     -0.00553887     0.30433333  
   -0.13151058      0.08728363     0.30433709  
  nan nan nan 
  -0.49684993     -0.00090143     0.30433333  
   -0.12731980      0.09329058     0.30433715  
  nan nan nan 
  -0.49803200      0.00373600     0.30433333  
   -0.12257895      0.09943775     0.30433721  
  nan nan nan 
  -0.49921407      0.00837343     0.30433333  
   -0.15732928      0.09551874     0.30432981  
  nan nan nan 
  -0.50039613      0.01301086     0.30433333  
   -0.16730574      0.09791451     0.30432990  
  nan nan nan 
  -0.50157820      0.01764830     0.30433333  
   -0.17449083      0.10102180     0.30432996  
  nan nan nan 
  -0.50276027      0.02228573     0.30433333  
   -0.18021124      0.10450242     0.30433001  
  nan nan nan 
  -0.50394233      0.02692316     0.30433334  
   -0.18494331      0.10823497     0.30433004  
  nan nan nan 
  -0.50512440      0.03156059     0.30433334  
   -0.18892206      0.11215953     0.30433007  
  nan nan nan 
  -0.50630646      0.03619803     0.30433334  
   -0.19228194      0.11624185     0.30433010  
  nan nan nan 
  -0.48975754     -0.02872603     0.30300000  
   -0.14649011      0.05877171     0.30300354  
  nan nan nan 
  -0.49093960     -0.02408860     0.30300000  
   -0.14414554      0.06430807     0.30300358  
  nan nan nan 
  -0.49212167     -0.01945116     0.30300000  
   -0.14150909      0.06991883     0.30300362  
  nan nan nan 
  -0.49330373     -0.01481373     0.30300000  
   -0.13855090      0.07561160     0.30300366  
  nan nan nan 
  -0.49448580     -0.01017630     0.30300000  
   -0.13523380      0.08139586     0.30300371  
  nan nan nan 
  -0.49566787     -0.00553887     0.30300000  
   -0.13151058      0.08728363     0.30300376  
  nan nan nan 
  -0.49684993     -0.00090143     0.30300000  
   -0.12731980      0.09329058     0.30300381  
  nan nan nan 
  -0.49803200      0.00373600     0.30300000  
   -0.12257895      0.09943775     0.30300387  
  nan nan nan 
  -0.49921407      0.00837343     0.30300000  
   -0.15732928      0.09551874     0.30299647  
  nan nan nan 
  -0.50039613      0.01301086     0.30300000  
   -0.16730574      0.09791451     0.30299656  
  nan nan nan 
  -0.50157820      0.01764830     0.30300000  
   -0.17449083      0.10102180     0.30299663  
  nan nan nan 
  -0.50276027      0.02228573     0.30300000  
   -0.18021124      0.10450242     0.30299667  
  nan nan nan 
  -0.50394233      0.02692316     0.30300000  
   -0.18494331      0.10823497     0.30299671  
  nan nan nan 
  -0.50512440      0.03156059     0.30300000  
   -0.18892206      0.11215953     0.30299674  
  nan nan nan 
  -0.50630646      0.03619803     0.30300000  
   -0.19228194      0.11624185     0.30299676  
  nan nan nan 
  -0.48975754     -0.02872603     0.30166666  
   -0.14649011      0.05877171     0.30167021  
  nan nan nan 
  -0.49093960     -0.02408860     0.30166666  
   -0.14414554      0.06430807     0.30167024  
  nan nan nan 
  -0.49212167     -0.01945116     0.30166666  
   -0.14150909      0.06991883     0.30167028  
  nan nan nan 
  -0.49330373     -0.01481373     0.30166667  
   -0.13855090      0.07561160     0.30167033  
  nan nan nan 
  -0.49448580     -0.01017630     0.30166667  
   -0.13523380      0.08139586     0.30167037  
  nan nan nan 
  -0.49566787     -0.00553887     0.30166667  
   -0.13151058      0.08728363     0.30167042  
  nan nan nan 
  -0.49684993     -0.00090143     0.30166667  
   -0.12731980      0.09329059     0.30167048  
  nan nan nan 
  -0.49803200      0.00373600     0.30166667  
   -0.12257895      0.09943775     0.30167054  
  nan nan nan 
  -0.49921407      0.00837343     0.30166667  
   -0.15732928      0.09551874     0.30166314  
  nan nan nan 
  -0.50039613      0.01301086     0.30166667  
   -0.16730574      0.09791451     0.30166323  
  nan nan nan 
  -0.50157820      0.01764830     0.30166667  
   -0.17449083      0.10102180     0.30166329  
  nan nan nan 
  -0.50276027      0.02228573     0.30166667  
   -0.18021124      0.10450242     0.30166334  
  nan nan nan 
  -0.50394233      0.02692316     0.30166667  
   -0.18494331      0.10823497     0.30166338  
  nan nan nan 
  -0.50512440      0.03156059     0.30166667  
   -0.18892206      0.11215953     0.30166341  
  nan nan nan 
  -0.50630646      0.03619803     0.30166667  
   -0.19228194      0.11624185     0.30166343  
  nan nan nan 
  -0.48975754     -0.02872603     0.30033333  
   -0.14649011      0.05877171     0.30033687  
  nan nan nan 
  -0.49093960     -0.02408860     0.30033333  
   -0.14414554      0.06430807     0.30033691  
  nan nan nan 
  -0.49212167     -0.01945116     0.30033333  
   -0.14150909      0.06991883     0.30033695  
  nan nan nan 
  -0.49330373     -0.01481373     0.30033333  
   -0.13855090      0.07561160     0.30033699  
  nan nan nan 
  -0.49448580     -0.01017630     0.30033333  
   -0.13523380      0.08139586     0.30033704  
  nan nan nan 
  -0.49566787     -0.00553887     0.30033333  
   -0.13151058      0.08728363     0.30033709  
  nan nan nan 
  -0.49684993     -0.00090143     0.30033333  
   -0.12731980      0.09329059     0.30033715  
  nan nan nan 
  -0.49803200      0.00373600     0.30033333  
   -0.12257895      0.09943775     0.30033721  
  nan nan nan 
  -0.49921407      0.00837343     0.30033333  
   -0.15732928      0.09551874     0.30032981  
  nan nan nan 
  -0.50039613      0.01301086     0.30033333  
   -0.16730574      0.09791451     0.30032990  
  nan nan nan 
  -0.50157820      0.01764830     0.30033333  
   -0.17449083      0.10102180     0.30032996  
  nan nan nan 
  -0.50276027      0.02228573     0.30033333  
   -0.18021125      0.10450242     0.30033001  
  nan nan nan 
  -0.50394233      0.02692316     0.30033334  
   -0.18494331      0.10823497     0.30033004  
  nan nan nan 
  -0.50512440      0.03156059     0.30033334  
   -0.18892206      0.11215953     0.30033007  
  nan nan nan 
  -0.50630646      0.03619803     0.30033334  
   -0.19228194      0.11624185     0.30033010  
  nan nan nan 
  -0.48975754     -0.02872603     0.29900000  
   -0.14649011      0.05877171     0.29900354  
  nan nan nan 
  -0.49093960     -0.02408860     0.29900000  
   -0.14414554      0.06430807     0.29900358  
  nan nan nan 
  -0.49212167     -0.01945116     0.29900000  
   -0.14150909      0.06991883     0.29900362  
  nan nan nan 
  -0.49330373     -0.01481373     0.29900000  
   -0.13855090      0.07561160     0.29900366  
  nan nan nan 
  -0.49448580     -0.01017630     0.29900000  
   -0.13523380      0.08139586     0.29900371  
  nan nan nan 
  -0.49566787     -0.00553887     0.29900000  
   -0.13151058      0.08728363     0.29900376  
  nan nan nan 
  -0.49684993     -0.00090143     0.29900000  
   -0.12731980      0.09329059     0.29900381  
  nan nan nan 
  -0.49803200      0.00373600     0.29900000  
   -0.12257895      0.09943775     0.29900387  
  nan nan nan 
  -0.49921407      0.00837343     0.29900000  
   -0.15732929      0.09551874     0.29899647  
  nan nan nan 
  -0.50039613      0.01301086     0.29900000  
   -0.16730574      0.09791451     0.29899656  
  nan nan nan 
  -0.50157820      0.01764830     0.29900000  
   -0.17449083      0.10102180     0.29899663  
  nan nan nan 
  -0.50276027      0.02228573     0.29900000  
   -0.18021125      0.10450242     0.29899667  
  nan nan nan 
  -0.50394233      0.02692316     0.29900000  
   -0.18494331      0.10823497     0.29899671  
  nan nan nan 
  -0.50512440      0.03156059     0.29900000  
   -0.18892206      0.11215953     0.29899674  
  nan nan nan 
  -0.50630646      0.03619803     0.29900000  
   -0.19228194      0.11624185     0.29899676  
  nan nan nan 
  -0.48975754     -0.02872603     0.29766666  
   -0.14649011      0.05877171     0.29767021  
  nan nan nan 
  -0.49093960     -0.02408860     0.29766666  
   -0.14414554      0.06430807     0.29767024  
  nan nan nan 
  -0.49212167     -0.01945116     0.29766666  
   -0.14150909      0.06991883     0.29767028  
  nan nan nan 
  -0.49330373     -0.01481373     0.29766667  
   -0.13855090      0.07561160     0.29767033  
  nan nan nan 
  -0.49448580     -0.01017630     0.29766667  
   -0.13523380      0.08139586     0.29767037  
  nan nan nan 
  -0.49566787     -0.00553887     0.29766667  
   -0.13151058      0.08728363     0.29767042  
  nan nan nan 
  -0.49684993     -0.00090143     0.29766667  
   -0.12731980      0.09329059     0.29767048  
  nan nan nan 
  -0.49803200      0.00373600     0.29766667  
   -0.12257895      0.09943775     0.29767054  
  nan nan nan 
  -0.49921407      0.00837343     0.29766667  
   -0.15732929      0.09551874     0.29766314  
  nan nan nan 
  -0.50039613      0.01301086     0.29766667  
   -0.16730574      0.09791451     0.29766323  
  nan nan nan 
  -0.50157820      0.01764830     0.29766667  
   -0.17449083      0.10102180     0.29766329  
  nan nan nan 
  -0.50276027      0.02228573     0.29766667  
   -0.18021125      0.10450242     0.29766334  
  nan nan nan 
  -0.50394233      0.02692316     0.29766667  
   -0.18494331      0.10823497     0.29766338  
  nan nan nan 
  -0.50512440      0.03156059     0.29766667  
   -0.18892206      0.11215953     0.29766341  
  nan nan nan 
  -0.50630646      0.03619803     0.29766667  
   -0.19228194      0.11624185     0.29766343  
  nan nan nan 
  -0.48975754     -0.02872603     0.29633333  
   -0.14649011      0.05877171     0.29633687  
  nan nan nan 
  -0.49093960     -0.02408860     0.29633333  
   -0.14414554      0.06430807     0.29633691  
  nan nan nan 
  -0.49212167     -0.01945116     0.29633333  
   -0.14150909      0.06991883     0.29633695  
  nan nan nan 
  -0.49330373     -0.01481373     0.29633333  
   -0.13855090      0.07561160     0.29633699  
  nan nan nan 
  -0.49448580     -0.01017630     0.29633333  
   -0.13523380      0.08139586     0.29633704  
  nan nan nan 
  -0.49566787     -0.00553887     0.29633333  
   -0.13151058      0.08728363     0.29633709  
  nan nan nan 
  -0.49684993     -0.00090143     0.29633333  
   -0.12731980      0.09329059     0.29633715  
  nan nan nan 
  -0.49803200      0.00373600     0.29633333  
   -0.12257895      0.09943775     0.29633721  
  nan nan nan 
  -0.49921407      0.00837343     0.29633333  
   -0.15732929      0.09551874     0.29632981  
  nan nan nan 
  -0.50039613      0.01301086     0.29633333  
   -0.16730574      0.09791451     0.29632990  
  nan nan nan 
  -0.50157820      0.01764830     0.29633333  
   -0.17449083      0.10102180     0.29632996  
  nan nan nan 
  -0.50276027      0.02228573     0.29633333  
   -0.18021125      0.10450242     0.29633001  
  nan nan nan 
  -0.50394233      0.02692316     0.29633334  
   -0.18494331      0.10823497     0.29633004  
  nan nan nan 
  -0.50512440      0.03156060     0.29633334  
   -0.18892206      0.11215953     0.29633007  
  nan nan nan 
  -0.50630646      0.03619803     0.29633334  
   -0.19228194      0.11624185     0.29633010  
  nan nan nan 
  -0.48975754     -0.02872603     0.29500000  
   -0.14649011      0.05877171     0.29500354  
  nan nan nan 
  -0.49093960     -0.02408860     0.29500000  
   -0.14414554      0.06430807     0.29500358  
  nan nan nan 
  -0.49212167     -0.01945116     0.29500000  
   -0.14150909      0.06991883     0.29500362  
  nan nan nan 
  -0.49330373     -0.01481373     0.29500000  
   -0.13855090      0.07561160     0.29500366  
  nan nan nan 
  -0.49448580     -0.01017630     0.29500000  
   -0.13523380      0.08139586     0.29500371  
  nan nan nan 
  -0.49566787     -0.00553887     0.29500000  
   -0.13151058      0.08728363     0.29500376  
  nan nan nan 
  -0.49684993     -0.00090143     0.29500000  
   -0.12731980      0.09329059     0.29500381  
  nan nan nan 
  -0.49803200      0.00373600     0.29500000  
   -0.12257895      0.09943775     0.29500387  
  nan nan nan 
  -0.49921407      0.00837343     0.29500000  
   -0.15732929      0.09551874     0.29499647  
  nan nan nan 
  -0.50039613      0.01301087     0.29500000  
   -0.16730574      0.09791451     0.29499656  
  nan nan nan 
  -0.50157820      0.01764830     0.29500000  
   -0.17449083      0.10102180     0.29499663  
  nan nan nan 
  -0.50276027      0.02228573     0.29500000  
   -0.18021125      0.10450242     0.29499667  
  nan nan nan 
  -0.50394233      0.02692316     0.29500000  
   -0.18494331      0.10823497     0.29499671  
  nan nan nan 
  -0.50512440      0.03156060     0.29500000  
   -0.18892206      0.11215953     0.29499674  
  nan nan nan 
  -0.50630646      0.03619803     0.29500000  
   -0.19228194      0.11624185     0.29499676  
  nan nan nan 
  -0.48975754     -0.02872603     0.29366666  
   -0.14649011      0.05877171     0.29367021  
  nan nan nan 
  -0.49093960     -0.02408860     0.29366666  
   -0.14414554      0.06430807     0.29367024  
  nan nan nan 
  -0.49212167     -0.01945116     0.29366666  
   -0.14150909      0.06991883     0.29367028  
  nan nan nan 
  -0.49330373     -0.01481373     0.29366667  
   -0.13855090      0.07561160     0.29367033  
  nan nan nan 
  -0.49448580     -0.01017630     0.29366667  
   -0.13523380      0.08139586     0.29367037  
  nan nan nan 
  -0.49566787     -0.00553886     0.29366667  
   -0.13151058      0.08728363     0.29367042  
  nan nan nan 
  -0.49684993     -0.00090143     0.29366667  
   -0.12731980      0.09329059     0.29367048  
  nan nan nan 
  -0.49803200      0.00373600     0.29366667  
   -0.12257895      0.09943775     0.29367054  
  nan nan nan 
  -0.49921407      0.00837343     0.29366667  
   -0.15732929      0.09551874     0.29366314  
  nan nan nan 
  -0.50039613      0.01301087     0.29366667  
   -0.16730574      0.09791451     0.29366323  
  nan nan nan 
  -0.50157820      0.01764830     0.29366667  
   -0.17449083      0.10102180     0.29366329  
  nan nan nan 
  -0.50276027      0.02228573     0.29366667  
   -0.18021125      0.10450242     0.29366334  
  nan nan nan 
  -0.50394233      0.02692316     0.29366667  
   -0.18494331      0.10823497     0.29366338  
  nan nan nan 
  -0.50512440      0.03156060     0.29366667  
   -0.18892206      0.11215953     0.29366341  
  nan nan nan 
  -0.50630646      0.03619803     0.29366667  
   -0.19228194      0.11624185     0.29366343  
  nan nan nan 
  -0.48975754     -0.02872603     0.29233333  
   -0.14649011      0.05877171     0.29233687  
  nan nan nan 
  -0.49093960     -0.02408859     0.29233333  
   -0.14414554      0.06430807     0.29233691  
  nan nan nan 
  -0.49212167     -0.01945116     0.29233333  
   -0.14150909      0.06991883     0.29233695  
  nan nan nan 
  -0.49330373     -0.01481373     0.29233333  
   -0.13855090      0.07561161     0.29233699  
  nan nan nan 
  -0.49448580     -0.01017630     0.29233333  
   -0.13523380      0.08139586     0.29233704  
  nan nan nan 
  -0.49566787     -0.00553886     0.29233333  
   -0.13151058      0.08728363     0.29233709  
  nan nan nan 
  -0.49684993     -0.00090143     0.29233333  
   -0.12731980      0.09329059     0.29233715  
  nan nan nan 
  -0.49803200      0.00373600     0.29233333  
   -0.12257895      0.09943775     0.29233721  
  nan nan nan 
  -0.49921407      0.00837343     0.29233333  
   -0.15732929      0.09551874     0.29232981  
  nan nan nan 
  -0.50039613      0.01301087     0.29233333  
   -0.16730574      0.09791451     0.29232990  
  nan nan nan 
  -0.50157820      0.01764830     0.29233333  
   -0.17449083      0.10102180     0.29232996  
  nan nan nan 
  -0.50276027      0.02228573     0.29233333  
   -0.18021125      0.10450242     0.29233001  
  nan nan nan 
  -0.50394233      0.02692316     0.29233334  
   -0.18494331      0.10823497     0.29233004  
  nan nan nan 
  -0.50512440      0.03156060     0.29233334  
   -0.18892206      0.11215953     0.29233007  
  nan nan nan 
  -0.50630646      0.03619803     0.29233334  
   -0.19228194      0.11624185     0.29233010  
  nan nan nan 
  -0.48975754     -0.02872603     0.29100000  
   -0.14649011      0.05877171     0.29100354  
  nan nan nan 
  -0.49093960     -0.02408859     0.29100000  
   -0.14414554      0.06430807     0.29100358  
  nan nan nan 
  -0.49212167     -0.01945116     0.29100000  
   -0.14150909      0.06991883     0.29100362  
  nan nan nan 
  -0.49330373     -0.01481373     0.29100000  
   -0.13855090      0.07561161     0.29100366  
  nan nan nan 
  -0.49448580     -0.01017630     0.29100000  
   -0.13523380      0.08139586     0.29100371  
  nan nan nan 
  -0.49566787     -0.00553886     0.29100000  
   -0.13151058      0.08728363     0.29100376  
  nan nan nan 
  -0.49684993     -0.00090143     0.29100000  
   -0.12731980      0.09329059     0.29100381  
  nan nan nan 
  -0.49803200      0.00373600     0.29100000  
   -0.12257895      0.09943775     0.29100387  
  nan nan nan 
  -0.49921407      0.00837343     0.29100000  
   -0.15732929      0.09551874     0.29099647  
  nan nan nan 
  -0.50039613      0.01301087     0.29100000  
   -0.16730574      0.09791451     0.29099656  
  nan nan nan 
  -0.50157820      0.01764830     0.29100000  
   -0.17449083      0.10102180     0.29099663  
  nan nan nan 
  -0.50276027      0.02228573     0.29100000  
   -0.18021125      0.10450242     0.29099667  
  nan nan nan 
  -0.50394233      0.02692316     0.29100000  
   -0.18494331      0.10823497     0.29099671  
  nan nan nan 
  -0.50512440      0.03156060     0.29100000  
   -0.18892206      0.11215953     0.29099674  
  nan nan nan 
  -0.50630646      0.03619803     0.29100000  
   -0.19228194      0.11624185     0.29099676  
  nan nan nan 
  -0.48975754     -0.02872603     0.28966666  
   -0.14649011      0.05877171     0.28967021  
  nan nan nan 
  -0.49093960     -0.02408859     0.28966666  
   -0.14414554      0.06430807     0.28967024  
  nan nan nan 
  -0.49212167     -0.01945116     0.28966666  
   -0.14150909      0.06991883     0.28967028  
  nan nan nan 
  -0.49330373     -0.01481373     0.28966667  
   -0.13855090      0.07561161     0.28967033  
  nan nan nan 
  -0.49448580     -0.01017630     0.28966667  
   -0.13523380      0.08139586     0.28967037  
  nan nan nan 
  -0.49566787     -0.00553886     0.28966667  
   -0.13151058      0.08728363     0.28967042  
  nan nan nan 
  -0.49684993     -0.00090143     0.28966667  
   -0.12731980      0.09329059     0.28967048  
  nan nan nan 
  -0.49803200      0.00373600     0.28966667  
   -0.12257895      0.09943775     0.28967054  
  nan nan nan 
  -0.49921407      0.00837343     0.28966667  
   -0.15732929      0.09551874     0.28966314  
  nan nan nan 
  -0.50039613      0.01301087     0.28966667  
   -0.16730574      0.09791451     0.28966323  
  nan nan nan 
  -0.50157820      0.01764830     0.28966667  
   -0.17449083      0.10102180     0.28966329  
  nan nan nan 
  -0.50276027      0.02228573     0.28966667  
   -0.18021125      0.10450242     0.28966334  
  nan nan nan 
  -0.50394233      0.02692316     0.28966667  
   -0.18494331      0.10823497     0.28966338  
  nan nan nan 
  -0.50512440      0.03156060     0.28966667  
   -0.18892206      0.11215953     0.28966341  
  nan nan nan 
  -0.50630646      0.03619803     0.28966667  
   -0.19228194      0.11624185     0.28966343  
  nan nan nan 
  -0.48975754     -0.02872603     0.28833333  
   -0.14649011      0.05877171     0.28833687  
  nan nan nan 
  -0.49093960     -0.02408859     0.28833333  
   -0.14414554      0.06430807     0.28833691  
  nan nan nan 
  -0.49212167     -0.01945116     0.28833333  
   -0.14150909      0.06991883     0.28833695  
  nan nan nan 
  -0.49330373     -0.01481373     0.28833333  
   -0.13855090      0.07561161     0.28833699  
  nan nan nan 
  -0.49448580     -0.01017630     0.28833333  
   -0.13523380      0.08139586     0.28833704  
  nan nan nan 
  -0.49566787     -0.00553886     0.28833333  
   -0.13151058      0.08728363     0.28833709  
  nan nan nan 
  -0.49684993     -0.00090143     0.28833333  
   -0.12731980      0.09329059     0.28833715  
  nan nan nan 
  -0.49803200      0.00373600     0.28833333  
   -0.12257895      0.09943775     0.28833721  
  nan nan nan 
  -0.49921407      0.00837343     0.28833333  
   -0.15732929      0.09551874     0.28832981  
  nan nan nan 
  -0.50039613      0.01301087     0.28833333  
   -0.16730574      0.09791451     0.28832990  
  nan nan nan 
  -0.50157820      0.01764830     0.28833333  
   -0.17449083      0.10102180     0.28832996  
  nan nan nan 
  -0.50276027      0.02228573     0.28833333  
   -0.18021125      0.10450242     0.28833001  
  nan nan nan 
  -0.50394233      0.02692316     0.28833334  
   -0.18494331      0.10823497     0.28833004  
  nan nan nan 
  -0.50512440      0.03156060     0.28833334  
   -0.18892206      0.11215953     0.28833007  
  nan nan nan 
  -0.50630646      0.03619803     0.28833334  
   -0.19228194      0.11624185     0.28833010  
  nan nan nan 
  -0.48975754     -0.02872603     0.28700000  
   -0.14649011      0.05877171     0.28700354  
  nan nan nan 
  -0.49093960     -0.02408859     0.28700000  
   -0.14414554      0.06430807     0.28700358  
  nan nan nan 
  -0.49212167     -0.01945116     0.28700000  
   -0.14150909      0.06991883     0.28700362  
  nan nan nan 
  -0.49330373     -0.01481373     0.28700000  
   -0.13855090      0.07561161     0.28700366  
  nan nan nan 
  -0.49448580     -0.01017630     0.28700000  
   -0.13523380      0.08139586     0.28700371  
  nan nan nan 
  -0.49566787     -0.00553886     0.28700000  
   -0.13151058      0.08728363     0.28700376  
  nan nan nan 
  -0.49684993     -0.00090143     0.28700000  
   -0.12731980      0.09329059     0.28700381  
  nan nan nan 
  -0.49803200      0.00373600     0.28700000  
   -0.12257895      0.09943775     0.28700387  
  nan nan nan 
  -0.49921407      0.00837343     0.28700000  
   -0.15732929      0.09551874     0.28699647  
  nan nan nan 
  -0.50039613      0.01301087     0.28700000  
   -0.16730574      0.09791451     0.28699656  
  nan nan nan 
  -0.50157820      0.01764830     0.28700000  
   -0.17449083      0.10102180     0.28699663  
  nan nan nan 
  -0.50276027      0.02228573     0.28700000  
   -0.18021125      0.10450242     0.28699667  
  nan nan nan 
  -0.50394233      0.02692316     0.28700000  
   -0.18494331      0.10823497     0.28699671  
  nan nan nan 
  -0.50512440      0.03156060     0.28700000  
   -0.18892206      0.11215953     0.28699674  
  nan nan nan 
  -0.50630646      0.03619803     0.28700000  
   -0.19228194      0.11624185     0.28699676  
  nan nan nan 
  -0.48975754     -0.02872603     0.28566666  
   -0.14649011      0.05877172     0.28567021  
  nan nan nan 
  -0.49093960     -0.02408859     0.28566666  
   -0.14414554      0.06430807     0.28567024  
  nan nan nan 
  -0.49212167     -0.01945116     0.28566666  
   -0.14150909      0.06991883     0.28567028  
  nan nan nan 
  -0.49330373     -0.01481373     0.28566667  
   -0.13855090      0.07561161     0.28567033  
  nan nan nan 
  -0.49448580     -0.01017630     0.28566667  
   -0.13523380      0.08139586     0.28567037  
  nan nan nan 
  -0.49566787     -0.00553886     0.28566667  
   -0.13151058      0.08728363     0.28567042  
  nan nan nan 
  -0.49684993     -0.00090143     0.28566667  
   -0.12731980      0.09329059     0.28567048  
  nan nan nan 
  -0.49803200      0.00373600     0.28566667  
   -0.12257895      0.09943775     0.28567054  
  nan nan nan 
  -0.49921407      0.00837343     0.28566667  
   -0.15732929      0.09551874     0.28566314  
  nan nan nan 
  -0.50039613      0.01301087     0.28566667  
   -0.16730574      0.09791451     0.28566323  
  nan nan nan 
  -0.50157820      0.01764830     0.28566667  
   -0.17449083      0.10102180     0.28566329  
  nan nan nan 
  -0.50276027      0.02228573     0.28566667  
   -0.18021125      0.10450242     0.28566334  
  nan nan nan 
  -0.50394233      0.02692316     0.28566667  
   -0.18494331      0.10823497     0.28566338  
  nan nan nan 
  -0.50512440      0.03156060     0.28566667  
   -0.18892206      0.11215953     0.28566341  
  nan nan nan 
  -0.50630646      0.03619803     0.28566667  
   -0.19228194      0.11624185     0.28566343  
  nan nan nan 
  -0.48975754     -0.02872603     0.28433333  
   -0.14649011      0.05877172     0.28433687  
  nan nan nan 
  -0.49093960     -0.02408859     0.28433333  
   -0.14414554      0.06430807     0.28433691  
  nan nan nan 
  -0.49212167     -0.01945116     0.28433333  
   -0.14150909      0.06991883     0.28433695  
  nan nan nan 
  -0.49330373     -0.01481373     0.28433333  
   -0.13855090      0.07561161     0.28433699  
  nan nan nan 
  -0.49448580     -0.01017630     0.28433333  
   -0.13523380      0.08139586     0.28433704  
  nan nan nan 
  -0.49566787     -0.00553886     0.28433333  
   -0.13151058      0.08728363     0.28433709  
  nan nan nan 
  -0.49684993     -0.00090143     0.28433333  
   -0.12731980      0.09329059     0.28433715  
  nan nan nan 
  -0.49803200      0.00373600     0.28433333  
   -0.12257895      0.09943775     0.28433721  
  nan nan nan 
  -0.49921407      0.00837343     0.28433333  
   -0.15732929      0.09551874     0.28432981  
  nan nan nan 
  -0.50039613      0.01301087     0.28433333  
   -0.16730574      0.09791451     0.28432990  
  nan nan nan 
  -0.50157820      0.01764830     0.28433333  
   -0.17449083      0.10102180     0.28432996  
  nan nan nan 
  -0.50276027      0.02228573     0.28433333  
   -0.18021125      0.10450242     0.28433001  
  nan nan nan 
  -0.50394233      0.02692316     0.28433334  
   -0.18494331      0.10823497     0.28433004  
  nan nan nan 
  -0.50512440      0.03156060     0.28433334  
   -0.18892206      0.11215953     0.28433007  
  nan nan nan 
  -0.50630646      0.03619803     0.28433334  
   -0.19228194      0.11624185     0.28433010  
  nan nan nan 
  -0.48975754     -0.02872603     0.28300000  
   -0.14649011      0.05877172     0.28300354  
  nan nan nan 
  -0.49093960     -0.02408859     0.28300000  
   -0.14414554      0.06430807     0.28300358  
  nan nan nan 
  -0.49212167     -0.01945116     0.28300000  
   -0.14150909      0.06991883     0.28300362  
  nan nan nan 
  -0.49330373     -0.01481373     0.28300000  
   -0.13855090      0.07561161     0.28300366  
  nan nan nan 
  -0.49448580     -0.01017630     0.28300000  
   -0.13523380      0.08139586     0.28300371  
  nan nan nan 
  -0.49566787     -0.00553886     0.28300000  
   -0.13151058      0.08728363     0.28300376  
  nan nan nan 
  -0.49684993     -0.00090143     0.28300000  
   -0.12731980      0.09329059     0.28300381  
  nan nan nan 
  -0.49803200      0.00373600     0.28300000  
   -0.12257895      0.09943775     0.28300387  
  nan nan nan 
  -0.49921407      0.00837343     0.28300000  
   -0.15732929      0.09551874     0.28299647  
  nan nan nan 
  -0.50039613      0.01301087     0.28300000  
   -0.16730574      0.09791451     0.28299656  
  nan nan nan 
  -0.50157820      0.01764830     0.28300000  
   -0.17449083      0.10102180     0.28299663  
  nan nan nan 
  -0.50276027      0.02228573     0.28300000  
   -0.18021125      0.10450242     0.28299667  
  nan nan nan 
  -0.50394233      0.02692316     0.28300000  
   -0.18494331      0.10823497     0.28299671  
  nan nan nan 
  -0.50512440      0.03156060     0.28300000  
   -0.18892206      0.11215953     0.28299674  
  nan nan nan 
  -0.50630646      0.03619803     0.28300000  
   -0.19228194      0.11624185     0.28299676  
  nan nan nan 
  -0.48975754     -0.02872603     0.28166666  
   -0.14649011      0.05877172     0.28167021  
  nan nan nan 
  -0.49093960     -0.02408859     0.28166666  
   -0.14414554      0.06430807     0.28167024  
  nan nan nan 
  -0.49212167     -0.01945116     0.28166666  
   -0.14150909      0.06991884     0.28167028  
  nan nan nan 
  -0.49330373     -0.01481373     0.28166667  
   -0.13855090      0.07561161     0.28167033  
  nan nan nan 
  -0.49448580     -0.01017630     0.28166667  
   -0.13523380      0.08139586     0.28167037  
  nan nan nan 
  -0.49566787     -0.00553886     0.28166667  
   -0.13151058      0.08728363     0.28167042  
  nan nan nan 
  -0.49684993     -0.00090143     0.28166667  
   -0.12731980      0.09329059     0.28167048  
  nan nan nan 
  -0.49803200      0.00373600     0.28166667  
   -0.12257895      0.09943775     0.28167054  
  nan nan nan 
  -0.49921407      0.00837343     0.28166667  
   -0.15732929      0.09551874     0.28166314  
  nan nan nan 
  -0.50039613      0.01301087     0.28166667  
   -0.16730574      0.09791451     0.28166323  
  nan nan nan 
  -0.50157820      0.01764830     0.28166667  
   -0.17449083      0.10102180     0.28166329  
  nan nan nan 
  -0.50276027      0.02228573     0.28166667  
   -0.18021125      0.10450242     0.28166334  
  nan nan nan 
  -0.50394233      0.02692316     0.28166667  
   -0.18494331      0.10823497     0.28166338  
  nan nan nan 
  -0.50512440      0.03156060     0.28166667  
   -0.18892206      0.11215953     0.28166341  
  nan nan nan 
  -0.50630646      0.03619803     0.28166667  
   -0.19228194      0.11624185     0.28166343  
  nan nan nan 
  -0.48975754     -0.02872603     0.28033333  
   -0.14649011      0.05877172     0.28033687  
  nan nan nan 
  -0.49093960     -0.02408859     0.28033333  
   -0.14414554      0.06430807     0.28033691  
  nan nan nan 
  -0.49212167     -0.01945116     0.28033333  
   -0.14150909      0.06991884     0.28033695  
  nan nan nan 
  -0.49330373     -0.01481373     0.28033333  
   -0.13855090      0.07561161     0.28033699  
  nan nan nan 
  -0.49448580     -0.01017630     0.28033333  
   -0.13523380      0.08139586     0.28033704  
  nan nan nan 
  -0.49566787     -0.00553886     0.28033333  
   -0.13151058      0.08728363     0.28033709  
  nan nan nan 
  -0.49684993     -0.00090143     0.28033333  
   -0.12731980      0.09329059     0.28033715  
  nan nan nan 
  -0.49803200      0.00373600     0.28033333  
   -0.12257895      0.09943775     0.28033721  
  nan nan nan 
  -0.49921407      0.00837343     0.28033333  
   -0.15732929      0.09551874     0.28032981  
  nan nan nan 
  -0.50039613      0.01301087     0.28033333  
   -0.16730574      0.09791451     0.28032990  
  nan nan nan 
  -0.50157820      0.01764830     0.28033333  
   -0.17449083      0.10102180     0.28032996  
  nan nan nan 
  -0.50276027      0.02228573     0.28033333  
   -0.18021125      0.10450242     0.28033001  
  nan nan nan 
  -0.50394233      0.02692316     0.28033334  
   -0.18494331      0.10823497     0.28033004  
  nan nan nan 
  -0.50512440      0.03156060     0.28033334  
   -0.18892206      0.11215953     0.28033007  
  nan nan nan 
  -0.50630646      0.03619803     0.28033334  
   -0.19228194      0.11624185     0.28033010  
  nan nan nan 
  -0.48975754     -0.02872603     0.27900000  
   -0.14649011      0.05877172     0.27900354  
  nan nan nan 
  -0.49093960     -0.02408859     0.27900000  
   -0.14414554      0.06430807     0.27900358  
  nan nan nan 
  -0.49212167     -0.01945116     0.27900000  
   -0.14150909      0.06991884     0.27900362  
  nan nan nan 
  -0.49330373     -0.01481373     0.27900000  
   -0.13855090      0.07561161     0.27900366  
  nan nan nan 
  -0.49448580     -0.01017630     0.27900000  
   -0.13523379      0.08139586     0.27900371  
  nan nan nan 
  -0.49566787     -0.00553886     0.27900000  
   -0.13151058      0.08728363     0.27900376  
  nan nan nan 
  -0.49684993     -0.00090143     0.27900000  
   -0.12731980      0.09329059     0.27900381  
  nan nan nan 
  -0.49803200      0.00373600     0.27900000  
   -0.12257895      0.09943775     0.27900387  
  nan nan nan 
  -0.49921407      0.00837343     0.27900000  
   -0.15732929      0.09551874     0.27899647  
  nan nan nan 
  -0.50039613      0.01301087     0.27900000  
   -0.16730574      0.09791451     0.27899656  
  nan nan nan 
  -0.50157820      0.01764830     0.27900000  
   -0.17449083      0.10102180     0.27899663  
  nan nan nan 
  -0.50276027      0.02228573     0.27900000  
   -0.18021125      0.10450242     0.27899667  
  nan nan nan 
  -0.50394233      0.02692316     0.27900000  
   -0.18494331      0.10823497     0.27899671  
  nan nan nan 
  -0.50512440      0.03156060     0.27900000  
   -0.18892206      0.11215953     0.27899674  
  nan nan nan 
  -0.50630646      0.03619803     0.27900000  
   -0.19228194      0.11624185     0.27899676  
  nan nan nan 
