1, 0.000000, 0.000000  0.000000 
2, 0.000000, 0.001667  0.000000 
3, 0.000000, 0.003333  0.000000 
4, 0.000000, 0.005000  0.000000 
5, 0.000000, 0.006667  0.000000 
6, 0.000000, 0.008333  0.000000 
7, 0.000000, 0.010000  0.000000 
8, 0.000000, 0.011667  0.000000 
9, 0.000000, 0.013333  0.000000 
10, 0.000000, 0.015000  0.000000 
11, 0.000000, 0.016667  0.000000 
12, 0.000000, 0.018333  0.000000 
13, 0.000000, 0.020000  0.000000 
14, 0.000000, 0.021667  0.000000 
15, 0.000000, 0.023333  0.000000 
16, 0.000000, 0.025000  0.000000 
17, 0.000000, 0.026667  0.000000 
18, 0.000000, 0.028333  0.000000 
19, 0.000000, 0.030000  0.000000 
20, 0.003684, 0.000000  0.000000 
21, 0.003684, 0.001667  0.000000 
22, 0.003684, 0.003333  0.000000 
23, 0.003684, 0.005000  0.000000 
24, 0.003684, 0.006667  0.000000 
25, 0.003684, 0.008333  0.000000 
26, 0.003684, 0.010000  0.000000 
27, 0.003684, 0.011667  0.000000 
28, 0.003684, 0.013333  0.000000 
29, 0.003684, 0.015000  0.000000 
30, 0.003684, 0.016667  0.000000 
31, 0.003684, 0.018333  0.000000 
32, 0.003684, 0.020000  0.000000 
33, 0.003684, 0.021667  0.000000 
34, 0.003684, 0.023333  0.000000 
35, 0.003684, 0.025000  0.000000 
36, 0.003684, 0.026667  0.000000 
37, 0.003684, 0.028333  0.000000 
38, 0.003684, 0.030000  0.000000 
39, 0.007368, 0.000000  0.000000 
40, 0.007368, 0.001667  0.000000 
41, 0.007368, 0.003333  0.000000 
42, 0.007368, 0.005000  0.000000 
43, 0.007368, 0.006667  0.000000 
44, 0.007368, 0.008333  0.000000 
45, 0.007368, 0.010000  0.000000 
46, 0.007368, 0.011667  0.000000 
47, 0.007368, 0.013333  0.000000 
48, 0.007368, 0.015000  0.000000 
49, 0.007368, 0.016667  0.000000 
50, 0.007368, 0.018333  0.000000 
51, 0.007368, 0.020000  0.000000 
52, 0.007368, 0.021667  0.000000 
53, 0.007368, 0.023333  0.000000 
54, 0.007368, 0.025000  0.000000 
55, 0.007368, 0.026667  0.000000 
56, 0.007368, 0.028333  0.000000 
57, 0.007368, 0.030000  0.000000 
58, 0.011053, 0.000000  0.000000 
59, 0.011053, 0.001667  0.000000 
60, 0.011053, 0.003333  0.000000 
61, 0.011053, 0.005000  0.000000 
62, 0.011053, 0.006667  0.000000 
63, 0.011053, 0.008333  0.000000 
64, 0.011053, 0.010000  0.000000 
65, 0.011053, 0.011667  0.000000 
66, 0.011053, 0.013333  0.000000 
67, 0.011053, 0.015000  0.000000 
68, 0.011053, 0.016667  0.000000 
69, 0.011053, 0.018333  0.000000 
70, 0.011053, 0.020000  0.000000 
71, 0.011053, 0.021667  0.000000 
72, 0.011053, 0.023333  0.000000 
73, 0.011053, 0.025000  0.000000 
74, 0.011053, 0.026667  0.000000 
75, 0.011053, 0.028333  0.000000 
76, 0.011053, 0.030000  0.000000 
77, 0.014737, 0.000000  0.000000 
78, 0.014737, 0.001667  0.000000 
79, 0.014737, 0.003333  0.000000 
80, 0.014737, 0.005000  0.000000 
81, 0.014737, 0.006667  0.000000 
82, 0.014737, 0.008333  0.000000 
83, 0.014737, 0.010000  0.000000 
84, 0.014737, 0.011667  0.000000 
85, 0.014737, 0.013333  0.000000 
86, 0.014737, 0.015000  0.000000 
87, 0.014737, 0.016667  0.000000 
88, 0.014737, 0.018333  0.000000 
89, 0.014737, 0.020000  0.000000 
90, 0.014737, 0.021667  0.000000 
91, 0.014737, 0.023333  0.000000 
92, 0.014737, 0.025000  0.000000 
93, 0.014737, 0.026667  0.000000 
94, 0.014737, 0.028333  0.000000 
95, 0.014737, 0.030000  0.000000 
96, 0.018421, 0.000000  0.000000 
97, 0.018421, 0.001667  0.000000 
98, 0.018421, 0.003333  0.000000 
99, 0.018421, 0.005000  0.000000 
100, 0.018421, 0.006667  0.000000 
101, 0.018421, 0.008333  0.000000 
102, 0.018421, 0.010000  0.000000 
103, 0.018421, 0.011667  0.000000 
104, 0.018421, 0.013333  0.000000 
105, 0.018421, 0.015000  0.000000 
106, 0.018421, 0.016667  0.000000 
107, 0.018421, 0.018333  0.000000 
108, 0.018421, 0.020000  0.000000 
109, 0.018421, 0.021667  0.000000 
110, 0.018421, 0.023333  0.000000 
111, 0.018421, 0.025000  0.000000 
112, 0.018421, 0.026667  0.000000 
113, 0.018421, 0.028333  0.000000 
114, 0.018421, 0.030000  0.000000 
115, 0.022105, 0.000000  0.000000 
116, 0.022105, 0.001667  0.000000 
117, 0.022105, 0.003333  0.000000 
118, 0.022105, 0.005000  0.000000 
119, 0.022105, 0.006667  0.000000 
120, 0.022105, 0.008333  0.000000 
121, 0.022105, 0.010000  0.000000 
122, 0.022105, 0.011667  0.000000 
123, 0.022105, 0.013333  0.000000 
124, 0.022105, 0.015000  0.000000 
125, 0.022105, 0.016667  0.000000 
126, 0.022105, 0.018333  0.000000 
127, 0.022105, 0.020000  0.000000 
128, 0.022105, 0.021667  0.000000 
129, 0.022105, 0.023333  0.000000 
130, 0.022105, 0.025000  0.000000 
131, 0.022105, 0.026667  0.000000 
132, 0.022105, 0.028333  0.000000 
133, 0.022105, 0.030000  0.000000 
134, 0.025789, 0.000000  0.000000 
135, 0.025789, 0.001667  0.000000 
136, 0.025789, 0.003333  0.000000 
137, 0.025789, 0.005000  0.000000 
138, 0.025789, 0.006667  0.000000 
139, 0.025789, 0.008333  0.000000 
140, 0.025789, 0.010000  0.000000 
141, 0.025789, 0.011667  0.000000 
142, 0.025789, 0.013333  0.000000 
143, 0.025789, 0.015000  0.000000 
144, 0.025789, 0.016667  0.000000 
145, 0.025789, 0.018333  0.000000 
146, 0.025789, 0.020000  0.000000 
147, 0.025789, 0.021667  0.000000 
148, 0.025789, 0.023333  0.000000 
149, 0.025789, 0.025000  0.000000 
150, 0.025789, 0.026667  0.000000 
151, 0.025789, 0.028333  0.000000 
152, 0.025789, 0.030000  0.000000 
153, 0.029474, 0.000000  0.000000 
154, 0.029474, 0.001667  0.000000 
155, 0.029474, 0.003333  0.000000 
156, 0.029474, 0.005000  0.000000 
157, 0.029474, 0.006667  0.000000 
158, 0.029474, 0.008333  0.000000 
159, 0.029474, 0.010000  0.000000 
160, 0.029474, 0.011667  0.000000 
161, 0.029474, 0.013333  0.000000 
162, 0.029474, 0.015000  0.000000 
163, 0.029474, 0.016667  0.000000 
164, 0.029474, 0.018333  0.000000 
165, 0.029474, 0.020000  0.000000 
166, 0.029474, 0.021667  0.000000 
167, 0.029474, 0.023333  0.000000 
168, 0.029474, 0.025000  0.000000 
169, 0.029474, 0.026667  0.000000 
170, 0.029474, 0.028333  0.000000 
171, 0.029474, 0.030000  0.000000 
172, 0.033158, 0.000000  0.000000 
173, 0.033158, 0.001667  0.000000 
174, 0.033158, 0.003333  0.000000 
175, 0.033158, 0.005000  0.000000 
176, 0.033158, 0.006667  0.000000 
177, 0.033158, 0.008333  0.000000 
178, 0.033158, 0.010000  0.000000 
179, 0.033158, 0.011667  0.000000 
180, 0.033158, 0.013333  0.000000 
181, 0.033158, 0.015000  0.000000 
182, 0.033158, 0.016667  0.000000 
183, 0.033158, 0.018333  0.000000 
184, 0.033158, 0.020000  0.000000 
185, 0.033158, 0.021667  0.000000 
186, 0.033158, 0.023333  0.000000 
187, 0.033158, 0.025000  0.000000 
188, 0.033158, 0.026667  0.000000 
189, 0.033158, 0.028333  0.000000 
190, 0.033158, 0.030000  0.000000 
191, 0.036842, 0.000000  0.000000 
192, 0.036842, 0.001667  0.000000 
193, 0.036842, 0.003333  0.000000 
194, 0.036842, 0.005000  0.000000 
195, 0.036842, 0.006667  0.000000 
196, 0.036842, 0.008333  0.000000 
197, 0.036842, 0.010000  0.000000 
198, 0.036842, 0.011667  0.000000 
199, 0.036842, 0.013333  0.000000 
200, 0.036842, 0.015000  0.000000 
201, 0.036842, 0.016667  0.000000 
202, 0.036842, 0.018333  0.000000 
203, 0.036842, 0.020000  0.000000 
204, 0.036842, 0.021667  0.000000 
205, 0.036842, 0.023333  0.000000 
206, 0.036842, 0.025000  0.000000 
207, 0.036842, 0.026667  0.000000 
208, 0.036842, 0.028333  0.000000 
209, 0.036842, 0.030000  0.000000 
210, 0.040526, 0.000000  0.000000 
211, 0.040526, 0.001667  0.000000 
212, 0.040526, 0.003333  0.000000 
213, 0.040526, 0.005000  0.000000 
214, 0.040526, 0.006667  0.000000 
215, 0.040526, 0.008333  0.000000 
216, 0.040526, 0.010000  0.000000 
217, 0.040526, 0.011667  0.000000 
218, 0.040526, 0.013333  0.000000 
219, 0.040526, 0.015000  0.000000 
220, 0.040526, 0.016667  0.000000 
221, 0.040526, 0.018333  0.000000 
222, 0.040526, 0.020000  0.000000 
223, 0.040526, 0.021667  0.000000 
224, 0.040526, 0.023333  0.000000 
225, 0.040526, 0.025000  0.000000 
226, 0.040526, 0.026667  0.000000 
227, 0.040526, 0.028333  0.000000 
228, 0.040526, 0.030000  0.000000 
229, 0.044211, 0.000000  0.000000 
230, 0.044211, 0.001667  0.000000 
231, 0.044211, 0.003333  0.000000 
232, 0.044211, 0.005000  0.000000 
233, 0.044211, 0.006667  0.000000 
234, 0.044211, 0.008333  0.000000 
235, 0.044211, 0.010000  0.000000 
236, 0.044211, 0.011667  0.000000 
237, 0.044211, 0.013333  0.000000 
238, 0.044211, 0.015000  0.000000 
239, 0.044211, 0.016667  0.000000 
240, 0.044211, 0.018333  0.000000 
241, 0.044211, 0.020000  0.000000 
242, 0.044211, 0.021667  0.000000 
243, 0.044211, 0.023333  0.000000 
244, 0.044211, 0.025000  0.000000 
245, 0.044211, 0.026667  0.000000 
246, 0.044211, 0.028333  0.000000 
247, 0.044211, 0.030000  0.000000 
248, 0.047895, 0.000000  0.000000 
249, 0.047895, 0.001667  0.000000 
250, 0.047895, 0.003333  0.000000 
251, 0.047895, 0.005000  0.000000 
252, 0.047895, 0.006667  0.000000 
253, 0.047895, 0.008333  0.000000 
254, 0.047895, 0.010000  0.000000 
255, 0.047895, 0.011667  0.000000 
256, 0.047895, 0.013333  0.000000 
257, 0.047895, 0.015000  0.000000 
258, 0.047895, 0.016667  0.000000 
259, 0.047895, 0.018333  0.000000 
260, 0.047895, 0.020000  0.000000 
261, 0.047895, 0.021667  0.000000 
262, 0.047895, 0.023333  0.000000 
263, 0.047895, 0.025000  0.000000 
264, 0.047895, 0.026667  0.000000 
265, 0.047895, 0.028333  0.000000 
266, 0.047895, 0.030000  0.000000 
267, 0.051579, 0.000000  0.000000 
268, 0.051579, 0.001667  0.000000 
269, 0.051579, 0.003333  0.000000 
270, 0.051579, 0.005000  0.000000 
271, 0.051579, 0.006667  0.000000 
272, 0.051579, 0.008333  0.000000 
273, 0.051579, 0.010000  0.000000 
274, 0.051579, 0.011667  0.000000 
275, 0.051579, 0.013333  0.000000 
276, 0.051579, 0.015000  0.000000 
277, 0.051579, 0.016667  0.000000 
278, 0.051579, 0.018333  0.000000 
279, 0.051579, 0.020000  0.000000 
280, 0.051579, 0.021667  0.000000 
281, 0.051579, 0.023333  0.000000 
282, 0.051579, 0.025000  0.000000 
283, 0.051579, 0.026667  0.000000 
284, 0.051579, 0.028333  0.000000 
285, 0.051579, 0.030000  0.000000 
286, 0.055263, 0.000000  0.000000 
287, 0.055263, 0.001667  0.000000 
288, 0.055263, 0.003333  0.000000 
289, 0.055263, 0.005000  0.000000 
290, 0.055263, 0.006667  0.000000 
291, 0.055263, 0.008333  0.000000 
292, 0.055263, 0.010000  0.000000 
293, 0.055263, 0.011667  0.000000 
294, 0.055263, 0.013333  0.000000 
295, 0.055263, 0.015000  0.000000 
296, 0.055263, 0.016667  0.000000 
297, 0.055263, 0.018333  0.000000 
298, 0.055263, 0.020000  0.000000 
299, 0.055263, 0.021667  0.000000 
300, 0.055263, 0.023333  0.000000 
301, 0.055263, 0.025000  0.000000 
302, 0.055263, 0.026667  0.000000 
303, 0.055263, 0.028333  0.000000 
304, 0.055263, 0.030000  0.000000 
305, 0.058947, 0.000000  0.000000 
306, 0.058947, 0.001667  0.000000 
307, 0.058947, 0.003333  0.000000 
308, 0.058947, 0.005000  0.000000 
309, 0.058947, 0.006667  0.000000 
310, 0.058947, 0.008333  0.000000 
311, 0.058947, 0.010000  0.000000 
312, 0.058947, 0.011667  0.000000 
313, 0.058947, 0.013333  0.000000 
314, 0.058947, 0.015000  0.000000 
315, 0.058947, 0.016667  0.000000 
316, 0.058947, 0.018333  0.000000 
317, 0.058947, 0.020000  0.000000 
318, 0.058947, 0.021667  0.000000 
319, 0.058947, 0.023333  0.000000 
320, 0.058947, 0.025000  0.000000 
321, 0.058947, 0.026667  0.000000 
322, 0.058947, 0.028333  0.000000 
323, 0.058947, 0.030000  0.000000 
324, 0.062632, 0.000000  0.000000 
325, 0.062632, 0.001667  0.000000 
326, 0.062632, 0.003333  0.000000 
327, 0.062632, 0.005000  0.000000 
328, 0.062632, 0.006667  0.000000 
329, 0.062632, 0.008333  0.000000 
330, 0.062632, 0.010000  0.000000 
331, 0.062632, 0.011667  0.000000 
332, 0.062632, 0.013333  0.000000 
333, 0.062632, 0.015000  0.000000 
334, 0.062632, 0.016667  0.000000 
335, 0.062632, 0.018333  0.000000 
336, 0.062632, 0.020000  0.000000 
337, 0.062632, 0.021667  0.000000 
338, 0.062632, 0.023333  0.000000 
339, 0.062632, 0.025000  0.000000 
340, 0.062632, 0.026667  0.000000 
341, 0.062632, 0.028333  0.000000 
342, 0.062632, 0.030000  0.000000 
343, 0.066316, 0.000000  0.000000 
344, 0.066316, 0.001667  0.000000 
345, 0.066316, 0.003333  0.000000 
346, 0.066316, 0.005000  0.000000 
347, 0.066316, 0.006667  0.000000 
348, 0.066316, 0.008333  0.000000 
349, 0.066316, 0.010000  0.000000 
350, 0.066316, 0.011667  0.000000 
351, 0.066316, 0.013333  0.000000 
352, 0.066316, 0.015000  0.000000 
353, 0.066316, 0.016667  0.000000 
354, 0.066316, 0.018333  0.000000 
355, 0.066316, 0.020000  0.000000 
356, 0.066316, 0.021667  0.000000 
357, 0.066316, 0.023333  0.000000 
358, 0.066316, 0.025000  0.000000 
359, 0.066316, 0.026667  0.000000 
360, 0.066316, 0.028333  0.000000 
361, 0.066316, 0.030000  0.000000 
362, 0.070000, 0.000000  0.000000 
363, 0.070000, 0.001667  0.000000 
364, 0.070000, 0.003333  0.000000 
365, 0.070000, 0.005000  0.000000 
366, 0.070000, 0.006667  0.000000 
367, 0.070000, 0.008333  0.000000 
368, 0.070000, 0.010000  0.000000 
369, 0.070000, 0.011667  0.000000 
370, 0.070000, 0.013333  0.000000 
371, 0.070000, 0.015000  0.000000 
372, 0.070000, 0.016667  0.000000 
373, 0.070000, 0.018333  0.000000 
374, 0.070000, 0.020000  0.000000 
375, 0.070000, 0.021667  0.000000 
376, 0.070000, 0.023333  0.000000 
377, 0.070000, 0.025000  0.000000 
378, 0.070000, 0.026667  0.000000 
379, 0.070000, 0.028333  0.000000 
380, 0.070000, 0.030000  0.000000 
381, 0.000000, 0.000000  0.000032 
382, 0.000000, 0.001667  0.000032 
383, 0.000000, 0.003333  0.000032 
384, 0.000000, 0.005000  0.000032 
385, 0.000000, 0.006667  0.000032 
386, 0.000000, 0.008333  0.000032 
387, 0.000000, 0.010000  0.000032 
388, 0.000000, 0.011667  0.000032 
389, 0.000000, 0.013333  0.000032 
390, 0.000000, 0.015000  0.000032 
391, 0.000000, 0.016667  0.000032 
392, 0.000000, 0.018333  0.000032 
393, 0.000000, 0.020000  0.000032 
394, 0.000000, 0.021667  0.000032 
395, 0.000000, 0.023333  0.000032 
396, 0.000000, 0.025000  0.000032 
397, 0.000000, 0.026667  0.000032 
398, 0.000000, 0.028333  0.000032 
399, 0.000000, 0.030000  0.000032 
400, 0.003684, 0.000000  0.000032 
401, 0.003684, 0.001667  0.000032 
402, 0.003684, 0.003333  0.000032 
403, 0.003684, 0.005000  0.000032 
404, 0.003684, 0.006667  0.000032 
405, 0.003684, 0.008333  0.000032 
406, 0.003684, 0.010000  0.000032 
407, 0.003684, 0.011667  0.000032 
408, 0.003684, 0.013333  0.000032 
409, 0.003684, 0.015000  0.000032 
410, 0.003684, 0.016667  0.000032 
411, 0.003684, 0.018333  0.000032 
412, 0.003684, 0.020000  0.000032 
413, 0.003684, 0.021667  0.000032 
414, 0.003684, 0.023333  0.000032 
415, 0.003684, 0.025000  0.000032 
416, 0.003684, 0.026667  0.000032 
417, 0.003684, 0.028333  0.000032 
418, 0.003684, 0.030000  0.000032 
419, 0.007368, 0.000000  0.000032 
420, 0.007368, 0.001667  0.000032 
421, 0.007368, 0.003333  0.000032 
422, 0.007368, 0.005000  0.000032 
423, 0.007368, 0.006667  0.000032 
424, 0.007368, 0.008333  0.000032 
425, 0.007368, 0.010000  0.000032 
426, 0.007368, 0.011667  0.000032 
427, 0.007368, 0.013333  0.000032 
428, 0.007368, 0.015000  0.000032 
429, 0.007368, 0.016667  0.000032 
430, 0.007368, 0.018333  0.000032 
431, 0.007368, 0.020000  0.000032 
432, 0.007368, 0.021667  0.000032 
433, 0.007368, 0.023333  0.000032 
434, 0.007368, 0.025000  0.000032 
435, 0.007368, 0.026667  0.000032 
436, 0.007368, 0.028333  0.000032 
437, 0.007368, 0.030000  0.000032 
438, 0.011053, 0.000000  0.000032 
439, 0.011053, 0.001667  0.000032 
440, 0.011053, 0.003333  0.000032 
441, 0.011053, 0.005000  0.000032 
442, 0.011053, 0.006667  0.000032 
443, 0.011053, 0.008333  0.000032 
444, 0.011053, 0.010000  0.000032 
445, 0.011053, 0.011667  0.000032 
446, 0.011053, 0.013333  0.000032 
447, 0.011053, 0.015000  0.000032 
448, 0.011053, 0.016667  0.000032 
449, 0.011053, 0.018333  0.000032 
450, 0.011053, 0.020000  0.000032 
451, 0.011053, 0.021667  0.000032 
452, 0.011053, 0.023333  0.000032 
453, 0.011053, 0.025000  0.000032 
454, 0.011053, 0.026667  0.000032 
455, 0.011053, 0.028333  0.000032 
456, 0.011053, 0.030000  0.000032 
457, 0.014737, 0.000000  0.000032 
458, 0.014737, 0.001667  0.000032 
459, 0.014737, 0.003333  0.000032 
460, 0.014737, 0.005000  0.000032 
461, 0.014737, 0.006667  0.000032 
462, 0.014737, 0.008333  0.000032 
463, 0.014737, 0.010000  0.000032 
464, 0.014737, 0.011667  0.000032 
465, 0.014737, 0.013333  0.000032 
466, 0.014737, 0.015000  0.000032 
467, 0.014737, 0.016667  0.000032 
468, 0.014737, 0.018333  0.000032 
469, 0.014737, 0.020000  0.000032 
470, 0.014737, 0.021667  0.000032 
471, 0.014737, 0.023333  0.000032 
472, 0.014737, 0.025000  0.000032 
473, 0.014737, 0.026667  0.000032 
474, 0.014737, 0.028333  0.000032 
475, 0.014737, 0.030000  0.000032 
476, 0.018421, 0.000000  0.000032 
477, 0.018421, 0.001667  0.000032 
478, 0.018421, 0.003333  0.000032 
479, 0.018421, 0.005000  0.000032 
480, 0.018421, 0.006667  0.000032 
481, 0.018421, 0.008333  0.000032 
482, 0.018421, 0.010000  0.000032 
483, 0.018421, 0.011667  0.000032 
484, 0.018421, 0.013333  0.000032 
485, 0.018421, 0.015000  0.000032 
486, 0.018421, 0.016667  0.000032 
487, 0.018421, 0.018333  0.000032 
488, 0.018421, 0.020000  0.000032 
489, 0.018421, 0.021667  0.000032 
490, 0.018421, 0.023333  0.000032 
491, 0.018421, 0.025000  0.000032 
492, 0.018421, 0.026667  0.000032 
493, 0.018421, 0.028333  0.000032 
494, 0.018421, 0.030000  0.000032 
495, 0.022105, 0.000000  0.000032 
496, 0.022105, 0.001667  0.000032 
497, 0.022105, 0.003333  0.000032 
498, 0.022105, 0.005000  0.000032 
499, 0.022105, 0.006667  0.000032 
500, 0.022105, 0.008333  0.000032 
501, 0.022105, 0.010000  0.000032 
502, 0.022105, 0.011667  0.000032 
503, 0.022105, 0.013333  0.000032 
504, 0.022105, 0.015000  0.000032 
505, 0.022105, 0.016667  0.000032 
506, 0.022105, 0.018333  0.000032 
507, 0.022105, 0.020000  0.000032 
508, 0.022105, 0.021667  0.000032 
509, 0.022105, 0.023333  0.000032 
510, 0.022105, 0.025000  0.000032 
511, 0.022105, 0.026667  0.000032 
512, 0.022105, 0.028333  0.000032 
513, 0.022105, 0.030000  0.000032 
514, 0.025789, 0.000000  0.000032 
515, 0.025789, 0.001667  0.000032 
516, 0.025789, 0.003333  0.000032 
517, 0.025789, 0.005000  0.000032 
518, 0.025789, 0.006667  0.000032 
519, 0.025789, 0.008333  0.000032 
520, 0.025789, 0.010000  0.000032 
521, 0.025789, 0.011667  0.000032 
522, 0.025789, 0.013333  0.000032 
523, 0.025789, 0.015000  0.000032 
524, 0.025789, 0.016667  0.000032 
525, 0.025789, 0.018333  0.000032 
526, 0.025789, 0.020000  0.000032 
527, 0.025789, 0.021667  0.000032 
528, 0.025789, 0.023333  0.000032 
529, 0.025789, 0.025000  0.000032 
530, 0.025789, 0.026667  0.000032 
531, 0.025789, 0.028333  0.000032 
532, 0.025789, 0.030000  0.000032 
533, 0.029474, 0.000000  0.000032 
534, 0.029474, 0.001667  0.000032 
535, 0.029474, 0.003333  0.000032 
536, 0.029474, 0.005000  0.000032 
537, 0.029474, 0.006667  0.000032 
538, 0.029474, 0.008333  0.000032 
539, 0.029474, 0.010000  0.000032 
540, 0.029474, 0.011667  0.000032 
541, 0.029474, 0.013333  0.000032 
542, 0.029474, 0.015000  0.000032 
543, 0.029474, 0.016667  0.000032 
544, 0.029474, 0.018333  0.000032 
545, 0.029474, 0.020000  0.000032 
546, 0.029474, 0.021667  0.000032 
547, 0.029474, 0.023333  0.000032 
548, 0.029474, 0.025000  0.000032 
549, 0.029474, 0.026667  0.000032 
550, 0.029474, 0.028333  0.000032 
551, 0.029474, 0.030000  0.000032 
552, 0.033158, 0.000000  0.000032 
553, 0.033158, 0.001667  0.000032 
554, 0.033158, 0.003333  0.000032 
555, 0.033158, 0.005000  0.000032 
556, 0.033158, 0.006667  0.000032 
557, 0.033158, 0.008333  0.000032 
558, 0.033158, 0.010000  0.000032 
559, 0.033158, 0.011667  0.000032 
560, 0.033158, 0.013333  0.000032 
561, 0.033158, 0.015000  0.000032 
562, 0.033158, 0.016667  0.000032 
563, 0.033158, 0.018333  0.000032 
564, 0.033158, 0.020000  0.000032 
565, 0.033158, 0.021667  0.000032 
566, 0.033158, 0.023333  0.000032 
567, 0.033158, 0.025000  0.000032 
568, 0.033158, 0.026667  0.000032 
569, 0.033158, 0.028333  0.000032 
570, 0.033158, 0.030000  0.000032 
571, 0.036842, 0.000000  0.000032 
572, 0.036842, 0.001667  0.000032 
573, 0.036842, 0.003333  0.000032 
574, 0.036842, 0.005000  0.000032 
575, 0.036842, 0.006667  0.000032 
576, 0.036842, 0.008333  0.000032 
577, 0.036842, 0.010000  0.000032 
578, 0.036842, 0.011667  0.000032 
579, 0.036842, 0.013333  0.000032 
580, 0.036842, 0.015000  0.000032 
581, 0.036842, 0.016667  0.000032 
582, 0.036842, 0.018333  0.000032 
583, 0.036842, 0.020000  0.000032 
584, 0.036842, 0.021667  0.000032 
585, 0.036842, 0.023333  0.000032 
586, 0.036842, 0.025000  0.000032 
587, 0.036842, 0.026667  0.000032 
588, 0.036842, 0.028333  0.000032 
589, 0.036842, 0.030000  0.000032 
590, 0.040526, 0.000000  0.000032 
591, 0.040526, 0.001667  0.000032 
592, 0.040526, 0.003333  0.000032 
593, 0.040526, 0.005000  0.000032 
594, 0.040526, 0.006667  0.000032 
595, 0.040526, 0.008333  0.000032 
596, 0.040526, 0.010000  0.000032 
597, 0.040526, 0.011667  0.000032 
598, 0.040526, 0.013333  0.000032 
599, 0.040526, 0.015000  0.000032 
600, 0.040526, 0.016667  0.000032 
601, 0.040526, 0.018333  0.000032 
602, 0.040526, 0.020000  0.000032 
603, 0.040526, 0.021667  0.000032 
604, 0.040526, 0.023333  0.000032 
605, 0.040526, 0.025000  0.000032 
606, 0.040526, 0.026667  0.000032 
607, 0.040526, 0.028333  0.000032 
608, 0.040526, 0.030000  0.000032 
609, 0.044211, 0.000000  0.000032 
610, 0.044211, 0.001667  0.000032 
611, 0.044211, 0.003333  0.000032 
612, 0.044211, 0.005000  0.000032 
613, 0.044211, 0.006667  0.000032 
614, 0.044211, 0.008333  0.000032 
615, 0.044211, 0.010000  0.000032 
616, 0.044211, 0.011667  0.000032 
617, 0.044211, 0.013333  0.000032 
618, 0.044211, 0.015000  0.000032 
619, 0.044211, 0.016667  0.000032 
620, 0.044211, 0.018333  0.000032 
621, 0.044211, 0.020000  0.000032 
622, 0.044211, 0.021667  0.000032 
623, 0.044211, 0.023333  0.000032 
624, 0.044211, 0.025000  0.000032 
625, 0.044211, 0.026667  0.000032 
626, 0.044211, 0.028333  0.000032 
627, 0.044211, 0.030000  0.000032 
628, 0.047895, 0.000000  0.000032 
629, 0.047895, 0.001667  0.000032 
630, 0.047895, 0.003333  0.000032 
631, 0.047895, 0.005000  0.000032 
632, 0.047895, 0.006667  0.000032 
633, 0.047895, 0.008333  0.000032 
634, 0.047895, 0.010000  0.000032 
635, 0.047895, 0.011667  0.000032 
636, 0.047895, 0.013333  0.000032 
637, 0.047895, 0.015000  0.000032 
638, 0.047895, 0.016667  0.000032 
639, 0.047895, 0.018333  0.000032 
640, 0.047895, 0.020000  0.000032 
641, 0.047895, 0.021667  0.000032 
642, 0.047895, 0.023333  0.000032 
643, 0.047895, 0.025000  0.000032 
644, 0.047895, 0.026667  0.000032 
645, 0.047895, 0.028333  0.000032 
646, 0.047895, 0.030000  0.000032 
647, 0.051579, 0.000000  0.000032 
648, 0.051579, 0.001667  0.000032 
649, 0.051579, 0.003333  0.000032 
650, 0.051579, 0.005000  0.000032 
651, 0.051579, 0.006667  0.000032 
652, 0.051579, 0.008333  0.000032 
653, 0.051579, 0.010000  0.000032 
654, 0.051579, 0.011667  0.000032 
655, 0.051579, 0.013333  0.000032 
656, 0.051579, 0.015000  0.000032 
657, 0.051579, 0.016667  0.000032 
658, 0.051579, 0.018333  0.000032 
659, 0.051579, 0.020000  0.000032 
660, 0.051579, 0.021667  0.000032 
661, 0.051579, 0.023333  0.000032 
662, 0.051579, 0.025000  0.000032 
663, 0.051579, 0.026667  0.000032 
664, 0.051579, 0.028333  0.000032 
665, 0.051579, 0.030000  0.000032 
666, 0.055263, 0.000000  0.000032 
667, 0.055263, 0.001667  0.000032 
668, 0.055263, 0.003333  0.000032 
669, 0.055263, 0.005000  0.000032 
670, 0.055263, 0.006667  0.000032 
671, 0.055263, 0.008333  0.000032 
672, 0.055263, 0.010000  0.000032 
673, 0.055263, 0.011667  0.000032 
674, 0.055263, 0.013333  0.000032 
675, 0.055263, 0.015000  0.000032 
676, 0.055263, 0.016667  0.000032 
677, 0.055263, 0.018333  0.000032 
678, 0.055263, 0.020000  0.000032 
679, 0.055263, 0.021667  0.000032 
680, 0.055263, 0.023333  0.000032 
681, 0.055263, 0.025000  0.000032 
682, 0.055263, 0.026667  0.000032 
683, 0.055263, 0.028333  0.000032 
684, 0.055263, 0.030000  0.000032 
685, 0.058947, 0.000000  0.000032 
686, 0.058947, 0.001667  0.000032 
687, 0.058947, 0.003333  0.000032 
688, 0.058947, 0.005000  0.000032 
689, 0.058947, 0.006667  0.000032 
690, 0.058947, 0.008333  0.000032 
691, 0.058947, 0.010000  0.000032 
692, 0.058947, 0.011667  0.000032 
693, 0.058947, 0.013333  0.000032 
694, 0.058947, 0.015000  0.000032 
695, 0.058947, 0.016667  0.000032 
696, 0.058947, 0.018333  0.000032 
697, 0.058947, 0.020000  0.000032 
698, 0.058947, 0.021667  0.000032 
699, 0.058947, 0.023333  0.000032 
700, 0.058947, 0.025000  0.000032 
701, 0.058947, 0.026667  0.000032 
702, 0.058947, 0.028333  0.000032 
703, 0.058947, 0.030000  0.000032 
704, 0.062632, 0.000000  0.000032 
705, 0.062632, 0.001667  0.000032 
706, 0.062632, 0.003333  0.000032 
707, 0.062632, 0.005000  0.000032 
708, 0.062632, 0.006667  0.000032 
709, 0.062632, 0.008333  0.000032 
710, 0.062632, 0.010000  0.000032 
711, 0.062632, 0.011667  0.000032 
712, 0.062632, 0.013333  0.000032 
713, 0.062632, 0.015000  0.000032 
714, 0.062632, 0.016667  0.000032 
715, 0.062632, 0.018333  0.000032 
716, 0.062632, 0.020000  0.000032 
717, 0.062632, 0.021667  0.000032 
718, 0.062632, 0.023333  0.000032 
719, 0.062632, 0.025000  0.000032 
720, 0.062632, 0.026667  0.000032 
721, 0.062632, 0.028333  0.000032 
722, 0.062632, 0.030000  0.000032 
723, 0.066316, 0.000000  0.000032 
724, 0.066316, 0.001667  0.000032 
725, 0.066316, 0.003333  0.000032 
726, 0.066316, 0.005000  0.000032 
727, 0.066316, 0.006667  0.000032 
728, 0.066316, 0.008333  0.000032 
729, 0.066316, 0.010000  0.000032 
730, 0.066316, 0.011667  0.000032 
731, 0.066316, 0.013333  0.000032 
732, 0.066316, 0.015000  0.000032 
733, 0.066316, 0.016667  0.000032 
734, 0.066316, 0.018333  0.000032 
735, 0.066316, 0.020000  0.000032 
736, 0.066316, 0.021667  0.000032 
737, 0.066316, 0.023333  0.000032 
738, 0.066316, 0.025000  0.000032 
739, 0.066316, 0.026667  0.000032 
740, 0.066316, 0.028333  0.000032 
741, 0.066316, 0.030000  0.000032 
742, 0.070000, 0.000000  0.000032 
743, 0.070000, 0.001667  0.000032 
744, 0.070000, 0.003333  0.000032 
745, 0.070000, 0.005000  0.000032 
746, 0.070000, 0.006667  0.000032 
747, 0.070000, 0.008333  0.000032 
748, 0.070000, 0.010000  0.000032 
749, 0.070000, 0.011667  0.000032 
750, 0.070000, 0.013333  0.000032 
751, 0.070000, 0.015000  0.000032 
752, 0.070000, 0.016667  0.000032 
753, 0.070000, 0.018333  0.000032 
754, 0.070000, 0.020000  0.000032 
755, 0.070000, 0.021667  0.000032 
756, 0.070000, 0.023333  0.000032 
757, 0.070000, 0.025000  0.000032 
758, 0.070000, 0.026667  0.000032 
759, 0.070000, 0.028333  0.000032 
760, 0.070000, 0.030000  0.000032 
761, 0.000000, 0.000000  0.000065 
762, 0.000000, 0.001667  0.000065 
763, 0.000000, 0.003333  0.000065 
764, 0.000000, 0.005000  0.000065 
765, 0.000000, 0.006667  0.000065 
766, 0.000000, 0.008333  0.000065 
767, 0.000000, 0.010000  0.000065 
768, 0.000000, 0.011667  0.000065 
769, 0.000000, 0.013333  0.000065 
770, 0.000000, 0.015000  0.000065 
771, 0.000000, 0.016667  0.000065 
772, 0.000000, 0.018333  0.000065 
773, 0.000000, 0.020000  0.000065 
774, 0.000000, 0.021667  0.000065 
775, 0.000000, 0.023333  0.000065 
776, 0.000000, 0.025000  0.000065 
777, 0.000000, 0.026667  0.000065 
778, 0.000000, 0.028333  0.000065 
779, 0.000000, 0.030000  0.000065 
780, 0.003684, 0.000000  0.000065 
781, 0.003684, 0.001667  0.000065 
782, 0.003684, 0.003333  0.000065 
783, 0.003684, 0.005000  0.000065 
784, 0.003684, 0.006667  0.000065 
785, 0.003684, 0.008333  0.000065 
786, 0.003684, 0.010000  0.000065 
787, 0.003684, 0.011667  0.000065 
788, 0.003684, 0.013333  0.000065 
789, 0.003684, 0.015000  0.000065 
790, 0.003684, 0.016667  0.000065 
791, 0.003684, 0.018333  0.000065 
792, 0.003684, 0.020000  0.000065 
793, 0.003684, 0.021667  0.000065 
794, 0.003684, 0.023333  0.000065 
795, 0.003684, 0.025000  0.000065 
796, 0.003684, 0.026667  0.000065 
797, 0.003684, 0.028333  0.000065 
798, 0.003684, 0.030000  0.000065 
799, 0.007368, 0.000000  0.000065 
800, 0.007368, 0.001667  0.000065 
801, 0.007368, 0.003333  0.000065 
802, 0.007368, 0.005000  0.000065 
803, 0.007368, 0.006667  0.000065 
804, 0.007368, 0.008333  0.000065 
805, 0.007368, 0.010000  0.000065 
806, 0.007368, 0.011667  0.000065 
807, 0.007368, 0.013333  0.000065 
808, 0.007368, 0.015000  0.000065 
809, 0.007368, 0.016667  0.000065 
810, 0.007368, 0.018333  0.000065 
811, 0.007368, 0.020000  0.000065 
812, 0.007368, 0.021667  0.000065 
813, 0.007368, 0.023333  0.000065 
814, 0.007368, 0.025000  0.000065 
815, 0.007368, 0.026667  0.000065 
816, 0.007368, 0.028333  0.000065 
817, 0.007368, 0.030000  0.000065 
818, 0.011053, 0.000000  0.000065 
819, 0.011053, 0.001667  0.000065 
820, 0.011053, 0.003333  0.000065 
821, 0.011053, 0.005000  0.000065 
822, 0.011053, 0.006667  0.000065 
823, 0.011053, 0.008333  0.000065 
824, 0.011053, 0.010000  0.000065 
825, 0.011053, 0.011667  0.000065 
826, 0.011053, 0.013333  0.000065 
827, 0.011053, 0.015000  0.000065 
828, 0.011053, 0.016667  0.000065 
829, 0.011053, 0.018333  0.000065 
830, 0.011053, 0.020000  0.000065 
831, 0.011053, 0.021667  0.000065 
832, 0.011053, 0.023333  0.000065 
833, 0.011053, 0.025000  0.000065 
834, 0.011053, 0.026667  0.000065 
835, 0.011053, 0.028333  0.000065 
836, 0.011053, 0.030000  0.000065 
837, 0.014737, 0.000000  0.000065 
838, 0.014737, 0.001667  0.000065 
839, 0.014737, 0.003333  0.000065 
840, 0.014737, 0.005000  0.000065 
841, 0.014737, 0.006667  0.000065 
842, 0.014737, 0.008333  0.000065 
843, 0.014737, 0.010000  0.000065 
844, 0.014737, 0.011667  0.000065 
845, 0.014737, 0.013333  0.000065 
846, 0.014737, 0.015000  0.000065 
847, 0.014737, 0.016667  0.000065 
848, 0.014737, 0.018333  0.000065 
849, 0.014737, 0.020000  0.000065 
850, 0.014737, 0.021667  0.000065 
851, 0.014737, 0.023333  0.000065 
852, 0.014737, 0.025000  0.000065 
853, 0.014737, 0.026667  0.000065 
854, 0.014737, 0.028333  0.000065 
855, 0.014737, 0.030000  0.000065 
856, 0.018421, 0.000000  0.000065 
857, 0.018421, 0.001667  0.000065 
858, 0.018421, 0.003333  0.000065 
859, 0.018421, 0.005000  0.000065 
860, 0.018421, 0.006667  0.000065 
861, 0.018421, 0.008333  0.000065 
862, 0.018421, 0.010000  0.000065 
863, 0.018421, 0.011667  0.000065 
864, 0.018421, 0.013333  0.000065 
865, 0.018421, 0.015000  0.000065 
866, 0.018421, 0.016667  0.000065 
867, 0.018421, 0.018333  0.000065 
868, 0.018421, 0.020000  0.000065 
869, 0.018421, 0.021667  0.000065 
870, 0.018421, 0.023333  0.000065 
871, 0.018421, 0.025000  0.000065 
872, 0.018421, 0.026667  0.000065 
873, 0.018421, 0.028333  0.000065 
874, 0.018421, 0.030000  0.000065 
875, 0.022105, 0.000000  0.000065 
876, 0.022105, 0.001667  0.000065 
877, 0.022105, 0.003333  0.000065 
878, 0.022105, 0.005000  0.000065 
879, 0.022105, 0.006667  0.000065 
880, 0.022105, 0.008333  0.000065 
881, 0.022105, 0.010000  0.000065 
882, 0.022105, 0.011667  0.000065 
883, 0.022105, 0.013333  0.000065 
884, 0.022105, 0.015000  0.000065 
885, 0.022105, 0.016667  0.000065 
886, 0.022105, 0.018333  0.000065 
887, 0.022105, 0.020000  0.000065 
888, 0.022105, 0.021667  0.000065 
889, 0.022105, 0.023333  0.000065 
890, 0.022105, 0.025000  0.000065 
891, 0.022105, 0.026667  0.000065 
892, 0.022105, 0.028333  0.000065 
893, 0.022105, 0.030000  0.000065 
894, 0.025789, 0.000000  0.000065 
895, 0.025789, 0.001667  0.000065 
896, 0.025789, 0.003333  0.000065 
897, 0.025789, 0.005000  0.000065 
898, 0.025789, 0.006667  0.000065 
899, 0.025789, 0.008333  0.000065 
900, 0.025789, 0.010000  0.000065 
901, 0.025789, 0.011667  0.000065 
902, 0.025789, 0.013333  0.000065 
903, 0.025789, 0.015000  0.000065 
904, 0.025789, 0.016667  0.000065 
905, 0.025789, 0.018333  0.000065 
906, 0.025789, 0.020000  0.000065 
907, 0.025789, 0.021667  0.000065 
908, 0.025789, 0.023333  0.000065 
909, 0.025789, 0.025000  0.000065 
910, 0.025789, 0.026667  0.000065 
911, 0.025789, 0.028333  0.000065 
912, 0.025789, 0.030000  0.000065 
913, 0.029474, 0.000000  0.000065 
914, 0.029474, 0.001667  0.000065 
915, 0.029474, 0.003333  0.000065 
916, 0.029474, 0.005000  0.000065 
917, 0.029474, 0.006667  0.000065 
918, 0.029474, 0.008333  0.000065 
919, 0.029474, 0.010000  0.000065 
920, 0.029474, 0.011667  0.000065 
921, 0.029474, 0.013333  0.000065 
922, 0.029474, 0.015000  0.000065 
923, 0.029474, 0.016667  0.000065 
924, 0.029474, 0.018333  0.000065 
925, 0.029474, 0.020000  0.000065 
926, 0.029474, 0.021667  0.000065 
927, 0.029474, 0.023333  0.000065 
928, 0.029474, 0.025000  0.000065 
929, 0.029474, 0.026667  0.000065 
930, 0.029474, 0.028333  0.000065 
931, 0.029474, 0.030000  0.000065 
932, 0.033158, 0.000000  0.000065 
933, 0.033158, 0.001667  0.000065 
934, 0.033158, 0.003333  0.000065 
935, 0.033158, 0.005000  0.000065 
936, 0.033158, 0.006667  0.000065 
937, 0.033158, 0.008333  0.000065 
938, 0.033158, 0.010000  0.000065 
939, 0.033158, 0.011667  0.000065 
940, 0.033158, 0.013333  0.000065 
941, 0.033158, 0.015000  0.000065 
942, 0.033158, 0.016667  0.000065 
943, 0.033158, 0.018333  0.000065 
944, 0.033158, 0.020000  0.000065 
945, 0.033158, 0.021667  0.000065 
946, 0.033158, 0.023333  0.000065 
947, 0.033158, 0.025000  0.000065 
948, 0.033158, 0.026667  0.000065 
949, 0.033158, 0.028333  0.000065 
950, 0.033158, 0.030000  0.000065 
951, 0.036842, 0.000000  0.000065 
952, 0.036842, 0.001667  0.000065 
953, 0.036842, 0.003333  0.000065 
954, 0.036842, 0.005000  0.000065 
955, 0.036842, 0.006667  0.000065 
956, 0.036842, 0.008333  0.000065 
957, 0.036842, 0.010000  0.000065 
958, 0.036842, 0.011667  0.000065 
959, 0.036842, 0.013333  0.000065 
960, 0.036842, 0.015000  0.000065 
961, 0.036842, 0.016667  0.000065 
962, 0.036842, 0.018333  0.000065 
963, 0.036842, 0.020000  0.000065 
964, 0.036842, 0.021667  0.000065 
965, 0.036842, 0.023333  0.000065 
966, 0.036842, 0.025000  0.000065 
967, 0.036842, 0.026667  0.000065 
968, 0.036842, 0.028333  0.000065 
969, 0.036842, 0.030000  0.000065 
970, 0.040526, 0.000000  0.000065 
971, 0.040526, 0.001667  0.000065 
972, 0.040526, 0.003333  0.000065 
973, 0.040526, 0.005000  0.000065 
974, 0.040526, 0.006667  0.000065 
975, 0.040526, 0.008333  0.000065 
976, 0.040526, 0.010000  0.000065 
977, 0.040526, 0.011667  0.000065 
978, 0.040526, 0.013333  0.000065 
979, 0.040526, 0.015000  0.000065 
980, 0.040526, 0.016667  0.000065 
981, 0.040526, 0.018333  0.000065 
982, 0.040526, 0.020000  0.000065 
983, 0.040526, 0.021667  0.000065 
984, 0.040526, 0.023333  0.000065 
985, 0.040526, 0.025000  0.000065 
986, 0.040526, 0.026667  0.000065 
987, 0.040526, 0.028333  0.000065 
988, 0.040526, 0.030000  0.000065 
989, 0.044211, 0.000000  0.000065 
990, 0.044211, 0.001667  0.000065 
991, 0.044211, 0.003333  0.000065 
992, 0.044211, 0.005000  0.000065 
993, 0.044211, 0.006667  0.000065 
994, 0.044211, 0.008333  0.000065 
995, 0.044211, 0.010000  0.000065 
996, 0.044211, 0.011667  0.000065 
997, 0.044211, 0.013333  0.000065 
998, 0.044211, 0.015000  0.000065 
999, 0.044211, 0.016667  0.000065 
1000, 0.044211, 0.018333  0.000065 
1001, 0.044211, 0.020000  0.000065 
1002, 0.044211, 0.021667  0.000065 
1003, 0.044211, 0.023333  0.000065 
1004, 0.044211, 0.025000  0.000065 
1005, 0.044211, 0.026667  0.000065 
1006, 0.044211, 0.028333  0.000065 
1007, 0.044211, 0.030000  0.000065 
1008, 0.047895, 0.000000  0.000065 
1009, 0.047895, 0.001667  0.000065 
1010, 0.047895, 0.003333  0.000065 
1011, 0.047895, 0.005000  0.000065 
1012, 0.047895, 0.006667  0.000065 
1013, 0.047895, 0.008333  0.000065 
1014, 0.047895, 0.010000  0.000065 
1015, 0.047895, 0.011667  0.000065 
1016, 0.047895, 0.013333  0.000065 
1017, 0.047895, 0.015000  0.000065 
1018, 0.047895, 0.016667  0.000065 
1019, 0.047895, 0.018333  0.000065 
1020, 0.047895, 0.020000  0.000065 
1021, 0.047895, 0.021667  0.000065 
1022, 0.047895, 0.023333  0.000065 
1023, 0.047895, 0.025000  0.000065 
1024, 0.047895, 0.026667  0.000065 
1025, 0.047895, 0.028333  0.000065 
1026, 0.047895, 0.030000  0.000065 
1027, 0.051579, 0.000000  0.000065 
1028, 0.051579, 0.001667  0.000065 
1029, 0.051579, 0.003333  0.000065 
1030, 0.051579, 0.005000  0.000065 
1031, 0.051579, 0.006667  0.000065 
1032, 0.051579, 0.008333  0.000065 
1033, 0.051579, 0.010000  0.000065 
1034, 0.051579, 0.011667  0.000065 
1035, 0.051579, 0.013333  0.000065 
1036, 0.051579, 0.015000  0.000065 
1037, 0.051579, 0.016667  0.000065 
1038, 0.051579, 0.018333  0.000065 
1039, 0.051579, 0.020000  0.000065 
1040, 0.051579, 0.021667  0.000065 
1041, 0.051579, 0.023333  0.000065 
1042, 0.051579, 0.025000  0.000065 
1043, 0.051579, 0.026667  0.000065 
1044, 0.051579, 0.028333  0.000065 
1045, 0.051579, 0.030000  0.000065 
1046, 0.055263, 0.000000  0.000065 
1047, 0.055263, 0.001667  0.000065 
1048, 0.055263, 0.003333  0.000065 
1049, 0.055263, 0.005000  0.000065 
1050, 0.055263, 0.006667  0.000065 
1051, 0.055263, 0.008333  0.000065 
1052, 0.055263, 0.010000  0.000065 
1053, 0.055263, 0.011667  0.000065 
1054, 0.055263, 0.013333  0.000065 
1055, 0.055263, 0.015000  0.000065 
1056, 0.055263, 0.016667  0.000065 
1057, 0.055263, 0.018333  0.000065 
1058, 0.055263, 0.020000  0.000065 
1059, 0.055263, 0.021667  0.000065 
1060, 0.055263, 0.023333  0.000065 
1061, 0.055263, 0.025000  0.000065 
1062, 0.055263, 0.026667  0.000065 
1063, 0.055263, 0.028333  0.000065 
1064, 0.055263, 0.030000  0.000065 
1065, 0.058947, 0.000000  0.000065 
1066, 0.058947, 0.001667  0.000065 
1067, 0.058947, 0.003333  0.000065 
1068, 0.058947, 0.005000  0.000065 
1069, 0.058947, 0.006667  0.000065 
1070, 0.058947, 0.008333  0.000065 
1071, 0.058947, 0.010000  0.000065 
1072, 0.058947, 0.011667  0.000065 
1073, 0.058947, 0.013333  0.000065 
1074, 0.058947, 0.015000  0.000065 
1075, 0.058947, 0.016667  0.000065 
1076, 0.058947, 0.018333  0.000065 
1077, 0.058947, 0.020000  0.000065 
1078, 0.058947, 0.021667  0.000065 
1079, 0.058947, 0.023333  0.000065 
1080, 0.058947, 0.025000  0.000065 
1081, 0.058947, 0.026667  0.000065 
1082, 0.058947, 0.028333  0.000065 
1083, 0.058947, 0.030000  0.000065 
1084, 0.062632, 0.000000  0.000065 
1085, 0.062632, 0.001667  0.000065 
1086, 0.062632, 0.003333  0.000065 
1087, 0.062632, 0.005000  0.000065 
1088, 0.062632, 0.006667  0.000065 
1089, 0.062632, 0.008333  0.000065 
1090, 0.062632, 0.010000  0.000065 
1091, 0.062632, 0.011667  0.000065 
1092, 0.062632, 0.013333  0.000065 
1093, 0.062632, 0.015000  0.000065 
1094, 0.062632, 0.016667  0.000065 
1095, 0.062632, 0.018333  0.000065 
1096, 0.062632, 0.020000  0.000065 
1097, 0.062632, 0.021667  0.000065 
1098, 0.062632, 0.023333  0.000065 
1099, 0.062632, 0.025000  0.000065 
1100, 0.062632, 0.026667  0.000065 
1101, 0.062632, 0.028333  0.000065 
1102, 0.062632, 0.030000  0.000065 
1103, 0.066316, 0.000000  0.000065 
1104, 0.066316, 0.001667  0.000065 
1105, 0.066316, 0.003333  0.000065 
1106, 0.066316, 0.005000  0.000065 
1107, 0.066316, 0.006667  0.000065 
1108, 0.066316, 0.008333  0.000065 
1109, 0.066316, 0.010000  0.000065 
1110, 0.066316, 0.011667  0.000065 
1111, 0.066316, 0.013333  0.000065 
1112, 0.066316, 0.015000  0.000065 
1113, 0.066316, 0.016667  0.000065 
1114, 0.066316, 0.018333  0.000065 
1115, 0.066316, 0.020000  0.000065 
1116, 0.066316, 0.021667  0.000065 
1117, 0.066316, 0.023333  0.000065 
1118, 0.066316, 0.025000  0.000065 
1119, 0.066316, 0.026667  0.000065 
1120, 0.066316, 0.028333  0.000065 
1121, 0.066316, 0.030000  0.000065 
1122, 0.070000, 0.000000  0.000065 
1123, 0.070000, 0.001667  0.000065 
1124, 0.070000, 0.003333  0.000065 
1125, 0.070000, 0.005000  0.000065 
1126, 0.070000, 0.006667  0.000065 
1127, 0.070000, 0.008333  0.000065 
1128, 0.070000, 0.010000  0.000065 
1129, 0.070000, 0.011667  0.000065 
1130, 0.070000, 0.013333  0.000065 
1131, 0.070000, 0.015000  0.000065 
1132, 0.070000, 0.016667  0.000065 
1133, 0.070000, 0.018333  0.000065 
1134, 0.070000, 0.020000  0.000065 
1135, 0.070000, 0.021667  0.000065 
1136, 0.070000, 0.023333  0.000065 
1137, 0.070000, 0.025000  0.000065 
1138, 0.070000, 0.026667  0.000065 
1139, 0.070000, 0.028333  0.000065 
1140, 0.070000, 0.030000  0.000065 
1141, 0.000000, 0.000000  0.000097 
1142, 0.000000, 0.001667  0.000097 
1143, 0.000000, 0.003333  0.000097 
1144, 0.000000, 0.005000  0.000097 
1145, 0.000000, 0.006667  0.000097 
1146, 0.000000, 0.008333  0.000097 
1147, 0.000000, 0.010000  0.000097 
1148, 0.000000, 0.011667  0.000097 
1149, 0.000000, 0.013333  0.000097 
1150, 0.000000, 0.015000  0.000097 
1151, 0.000000, 0.016667  0.000097 
1152, 0.000000, 0.018333  0.000097 
1153, 0.000000, 0.020000  0.000097 
1154, 0.000000, 0.021667  0.000097 
1155, 0.000000, 0.023333  0.000097 
1156, 0.000000, 0.025000  0.000097 
1157, 0.000000, 0.026667  0.000097 
1158, 0.000000, 0.028333  0.000097 
1159, 0.000000, 0.030000  0.000097 
1160, 0.003684, 0.000000  0.000097 
1161, 0.003684, 0.001667  0.000097 
1162, 0.003684, 0.003333  0.000097 
1163, 0.003684, 0.005000  0.000097 
1164, 0.003684, 0.006667  0.000097 
1165, 0.003684, 0.008333  0.000097 
1166, 0.003684, 0.010000  0.000097 
1167, 0.003684, 0.011667  0.000097 
1168, 0.003684, 0.013333  0.000097 
1169, 0.003684, 0.015000  0.000097 
1170, 0.003684, 0.016667  0.000097 
1171, 0.003684, 0.018333  0.000097 
1172, 0.003684, 0.020000  0.000097 
1173, 0.003684, 0.021667  0.000097 
1174, 0.003684, 0.023333  0.000097 
1175, 0.003684, 0.025000  0.000097 
1176, 0.003684, 0.026667  0.000097 
1177, 0.003684, 0.028333  0.000097 
1178, 0.003684, 0.030000  0.000097 
1179, 0.007368, 0.000000  0.000097 
1180, 0.007368, 0.001667  0.000097 
1181, 0.007368, 0.003333  0.000097 
1182, 0.007368, 0.005000  0.000097 
1183, 0.007368, 0.006667  0.000097 
1184, 0.007368, 0.008333  0.000097 
1185, 0.007368, 0.010000  0.000097 
1186, 0.007368, 0.011667  0.000097 
1187, 0.007368, 0.013333  0.000097 
1188, 0.007368, 0.015000  0.000097 
1189, 0.007368, 0.016667  0.000097 
1190, 0.007368, 0.018333  0.000097 
1191, 0.007368, 0.020000  0.000097 
1192, 0.007368, 0.021667  0.000097 
1193, 0.007368, 0.023333  0.000097 
1194, 0.007368, 0.025000  0.000097 
1195, 0.007368, 0.026667  0.000097 
1196, 0.007368, 0.028333  0.000097 
1197, 0.007368, 0.030000  0.000097 
1198, 0.011053, 0.000000  0.000097 
1199, 0.011053, 0.001667  0.000097 
1200, 0.011053, 0.003333  0.000097 
1201, 0.011053, 0.005000  0.000097 
1202, 0.011053, 0.006667  0.000097 
1203, 0.011053, 0.008333  0.000097 
1204, 0.011053, 0.010000  0.000097 
1205, 0.011053, 0.011667  0.000097 
1206, 0.011053, 0.013333  0.000097 
1207, 0.011053, 0.015000  0.000097 
1208, 0.011053, 0.016667  0.000097 
1209, 0.011053, 0.018333  0.000097 
1210, 0.011053, 0.020000  0.000097 
1211, 0.011053, 0.021667  0.000097 
1212, 0.011053, 0.023333  0.000097 
1213, 0.011053, 0.025000  0.000097 
1214, 0.011053, 0.026667  0.000097 
1215, 0.011053, 0.028333  0.000097 
1216, 0.011053, 0.030000  0.000097 
1217, 0.014737, 0.000000  0.000097 
1218, 0.014737, 0.001667  0.000097 
1219, 0.014737, 0.003333  0.000097 
1220, 0.014737, 0.005000  0.000097 
1221, 0.014737, 0.006667  0.000097 
1222, 0.014737, 0.008333  0.000097 
1223, 0.014737, 0.010000  0.000097 
1224, 0.014737, 0.011667  0.000097 
1225, 0.014737, 0.013333  0.000097 
1226, 0.014737, 0.015000  0.000097 
1227, 0.014737, 0.016667  0.000097 
1228, 0.014737, 0.018333  0.000097 
1229, 0.014737, 0.020000  0.000097 
1230, 0.014737, 0.021667  0.000097 
1231, 0.014737, 0.023333  0.000097 
1232, 0.014737, 0.025000  0.000097 
1233, 0.014737, 0.026667  0.000097 
1234, 0.014737, 0.028333  0.000097 
1235, 0.014737, 0.030000  0.000097 
1236, 0.018421, 0.000000  0.000097 
1237, 0.018421, 0.001667  0.000097 
1238, 0.018421, 0.003333  0.000097 
1239, 0.018421, 0.005000  0.000097 
1240, 0.018421, 0.006667  0.000097 
1241, 0.018421, 0.008333  0.000097 
1242, 0.018421, 0.010000  0.000097 
1243, 0.018421, 0.011667  0.000097 
1244, 0.018421, 0.013333  0.000097 
1245, 0.018421, 0.015000  0.000097 
1246, 0.018421, 0.016667  0.000097 
1247, 0.018421, 0.018333  0.000097 
1248, 0.018421, 0.020000  0.000097 
1249, 0.018421, 0.021667  0.000097 
1250, 0.018421, 0.023333  0.000097 
1251, 0.018421, 0.025000  0.000097 
1252, 0.018421, 0.026667  0.000097 
1253, 0.018421, 0.028333  0.000097 
1254, 0.018421, 0.030000  0.000097 
1255, 0.022105, 0.000000  0.000097 
1256, 0.022105, 0.001667  0.000097 
1257, 0.022105, 0.003333  0.000097 
1258, 0.022105, 0.005000  0.000097 
1259, 0.022105, 0.006667  0.000097 
1260, 0.022105, 0.008333  0.000097 
1261, 0.022105, 0.010000  0.000097 
1262, 0.022105, 0.011667  0.000097 
1263, 0.022105, 0.013333  0.000097 
1264, 0.022105, 0.015000  0.000097 
1265, 0.022105, 0.016667  0.000097 
1266, 0.022105, 0.018333  0.000097 
1267, 0.022105, 0.020000  0.000097 
1268, 0.022105, 0.021667  0.000097 
1269, 0.022105, 0.023333  0.000097 
1270, 0.022105, 0.025000  0.000097 
1271, 0.022105, 0.026667  0.000097 
1272, 0.022105, 0.028333  0.000097 
1273, 0.022105, 0.030000  0.000097 
1274, 0.025789, 0.000000  0.000097 
1275, 0.025789, 0.001667  0.000097 
1276, 0.025789, 0.003333  0.000097 
1277, 0.025789, 0.005000  0.000097 
1278, 0.025789, 0.006667  0.000097 
1279, 0.025789, 0.008333  0.000097 
1280, 0.025789, 0.010000  0.000097 
1281, 0.025789, 0.011667  0.000097 
1282, 0.025789, 0.013333  0.000097 
1283, 0.025789, 0.015000  0.000097 
1284, 0.025789, 0.016667  0.000097 
1285, 0.025789, 0.018333  0.000097 
1286, 0.025789, 0.020000  0.000097 
1287, 0.025789, 0.021667  0.000097 
1288, 0.025789, 0.023333  0.000097 
1289, 0.025789, 0.025000  0.000097 
1290, 0.025789, 0.026667  0.000097 
1291, 0.025789, 0.028333  0.000097 
1292, 0.025789, 0.030000  0.000097 
1293, 0.029474, 0.000000  0.000097 
1294, 0.029474, 0.001667  0.000097 
1295, 0.029474, 0.003333  0.000097 
1296, 0.029474, 0.005000  0.000097 
1297, 0.029474, 0.006667  0.000097 
1298, 0.029474, 0.008333  0.000097 
1299, 0.029474, 0.010000  0.000097 
1300, 0.029474, 0.011667  0.000097 
1301, 0.029474, 0.013333  0.000097 
1302, 0.029474, 0.015000  0.000097 
1303, 0.029474, 0.016667  0.000097 
1304, 0.029474, 0.018333  0.000097 
1305, 0.029474, 0.020000  0.000097 
1306, 0.029474, 0.021667  0.000097 
1307, 0.029474, 0.023333  0.000097 
1308, 0.029474, 0.025000  0.000097 
1309, 0.029474, 0.026667  0.000097 
1310, 0.029474, 0.028333  0.000097 
1311, 0.029474, 0.030000  0.000097 
1312, 0.033158, 0.000000  0.000097 
1313, 0.033158, 0.001667  0.000097 
1314, 0.033158, 0.003333  0.000097 
1315, 0.033158, 0.005000  0.000097 
1316, 0.033158, 0.006667  0.000097 
1317, 0.033158, 0.008333  0.000097 
1318, 0.033158, 0.010000  0.000097 
1319, 0.033158, 0.011667  0.000097 
1320, 0.033158, 0.013333  0.000097 
1321, 0.033158, 0.015000  0.000097 
1322, 0.033158, 0.016667  0.000097 
1323, 0.033158, 0.018333  0.000097 
1324, 0.033158, 0.020000  0.000097 
1325, 0.033158, 0.021667  0.000097 
1326, 0.033158, 0.023333  0.000097 
1327, 0.033158, 0.025000  0.000097 
1328, 0.033158, 0.026667  0.000097 
1329, 0.033158, 0.028333  0.000097 
1330, 0.033158, 0.030000  0.000097 
1331, 0.036842, 0.000000  0.000097 
1332, 0.036842, 0.001667  0.000097 
1333, 0.036842, 0.003333  0.000097 
1334, 0.036842, 0.005000  0.000097 
1335, 0.036842, 0.006667  0.000097 
1336, 0.036842, 0.008333  0.000097 
1337, 0.036842, 0.010000  0.000097 
1338, 0.036842, 0.011667  0.000097 
1339, 0.036842, 0.013333  0.000097 
1340, 0.036842, 0.015000  0.000097 
1341, 0.036842, 0.016667  0.000097 
1342, 0.036842, 0.018333  0.000097 
1343, 0.036842, 0.020000  0.000097 
1344, 0.036842, 0.021667  0.000097 
1345, 0.036842, 0.023333  0.000097 
1346, 0.036842, 0.025000  0.000097 
1347, 0.036842, 0.026667  0.000097 
1348, 0.036842, 0.028333  0.000097 
1349, 0.036842, 0.030000  0.000097 
1350, 0.040526, 0.000000  0.000097 
1351, 0.040526, 0.001667  0.000097 
1352, 0.040526, 0.003333  0.000097 
1353, 0.040526, 0.005000  0.000097 
1354, 0.040526, 0.006667  0.000097 
1355, 0.040526, 0.008333  0.000097 
1356, 0.040526, 0.010000  0.000097 
1357, 0.040526, 0.011667  0.000097 
1358, 0.040526, 0.013333  0.000097 
1359, 0.040526, 0.015000  0.000097 
1360, 0.040526, 0.016667  0.000097 
1361, 0.040526, 0.018333  0.000097 
1362, 0.040526, 0.020000  0.000097 
1363, 0.040526, 0.021667  0.000097 
1364, 0.040526, 0.023333  0.000097 
1365, 0.040526, 0.025000  0.000097 
1366, 0.040526, 0.026667  0.000097 
1367, 0.040526, 0.028333  0.000097 
1368, 0.040526, 0.030000  0.000097 
1369, 0.044211, 0.000000  0.000097 
1370, 0.044211, 0.001667  0.000097 
1371, 0.044211, 0.003333  0.000097 
1372, 0.044211, 0.005000  0.000097 
1373, 0.044211, 0.006667  0.000097 
1374, 0.044211, 0.008333  0.000097 
1375, 0.044211, 0.010000  0.000097 
1376, 0.044211, 0.011667  0.000097 
1377, 0.044211, 0.013333  0.000097 
1378, 0.044211, 0.015000  0.000097 
1379, 0.044211, 0.016667  0.000097 
1380, 0.044211, 0.018333  0.000097 
1381, 0.044211, 0.020000  0.000097 
1382, 0.044211, 0.021667  0.000097 
1383, 0.044211, 0.023333  0.000097 
1384, 0.044211, 0.025000  0.000097 
1385, 0.044211, 0.026667  0.000097 
1386, 0.044211, 0.028333  0.000097 
1387, 0.044211, 0.030000  0.000097 
1388, 0.047895, 0.000000  0.000097 
1389, 0.047895, 0.001667  0.000097 
1390, 0.047895, 0.003333  0.000097 
1391, 0.047895, 0.005000  0.000097 
1392, 0.047895, 0.006667  0.000097 
1393, 0.047895, 0.008333  0.000097 
1394, 0.047895, 0.010000  0.000097 
1395, 0.047895, 0.011667  0.000097 
1396, 0.047895, 0.013333  0.000097 
1397, 0.047895, 0.015000  0.000097 
1398, 0.047895, 0.016667  0.000097 
1399, 0.047895, 0.018333  0.000097 
1400, 0.047895, 0.020000  0.000097 
1401, 0.047895, 0.021667  0.000097 
1402, 0.047895, 0.023333  0.000097 
1403, 0.047895, 0.025000  0.000097 
1404, 0.047895, 0.026667  0.000097 
1405, 0.047895, 0.028333  0.000097 
1406, 0.047895, 0.030000  0.000097 
1407, 0.051579, 0.000000  0.000097 
1408, 0.051579, 0.001667  0.000097 
1409, 0.051579, 0.003333  0.000097 
1410, 0.051579, 0.005000  0.000097 
1411, 0.051579, 0.006667  0.000097 
1412, 0.051579, 0.008333  0.000097 
1413, 0.051579, 0.010000  0.000097 
1414, 0.051579, 0.011667  0.000097 
1415, 0.051579, 0.013333  0.000097 
1416, 0.051579, 0.015000  0.000097 
1417, 0.051579, 0.016667  0.000097 
1418, 0.051579, 0.018333  0.000097 
1419, 0.051579, 0.020000  0.000097 
1420, 0.051579, 0.021667  0.000097 
1421, 0.051579, 0.023333  0.000097 
1422, 0.051579, 0.025000  0.000097 
1423, 0.051579, 0.026667  0.000097 
1424, 0.051579, 0.028333  0.000097 
1425, 0.051579, 0.030000  0.000097 
1426, 0.055263, 0.000000  0.000097 
1427, 0.055263, 0.001667  0.000097 
1428, 0.055263, 0.003333  0.000097 
1429, 0.055263, 0.005000  0.000097 
1430, 0.055263, 0.006667  0.000097 
1431, 0.055263, 0.008333  0.000097 
1432, 0.055263, 0.010000  0.000097 
1433, 0.055263, 0.011667  0.000097 
1434, 0.055263, 0.013333  0.000097 
1435, 0.055263, 0.015000  0.000097 
1436, 0.055263, 0.016667  0.000097 
1437, 0.055263, 0.018333  0.000097 
1438, 0.055263, 0.020000  0.000097 
1439, 0.055263, 0.021667  0.000097 
1440, 0.055263, 0.023333  0.000097 
1441, 0.055263, 0.025000  0.000097 
1442, 0.055263, 0.026667  0.000097 
1443, 0.055263, 0.028333  0.000097 
1444, 0.055263, 0.030000  0.000097 
1445, 0.058947, 0.000000  0.000097 
1446, 0.058947, 0.001667  0.000097 
1447, 0.058947, 0.003333  0.000097 
1448, 0.058947, 0.005000  0.000097 
1449, 0.058947, 0.006667  0.000097 
1450, 0.058947, 0.008333  0.000097 
1451, 0.058947, 0.010000  0.000097 
1452, 0.058947, 0.011667  0.000097 
1453, 0.058947, 0.013333  0.000097 
1454, 0.058947, 0.015000  0.000097 
1455, 0.058947, 0.016667  0.000097 
1456, 0.058947, 0.018333  0.000097 
1457, 0.058947, 0.020000  0.000097 
1458, 0.058947, 0.021667  0.000097 
1459, 0.058947, 0.023333  0.000097 
1460, 0.058947, 0.025000  0.000097 
1461, 0.058947, 0.026667  0.000097 
1462, 0.058947, 0.028333  0.000097 
1463, 0.058947, 0.030000  0.000097 
1464, 0.062632, 0.000000  0.000097 
1465, 0.062632, 0.001667  0.000097 
1466, 0.062632, 0.003333  0.000097 
1467, 0.062632, 0.005000  0.000097 
1468, 0.062632, 0.006667  0.000097 
1469, 0.062632, 0.008333  0.000097 
1470, 0.062632, 0.010000  0.000097 
1471, 0.062632, 0.011667  0.000097 
1472, 0.062632, 0.013333  0.000097 
1473, 0.062632, 0.015000  0.000097 
1474, 0.062632, 0.016667  0.000097 
1475, 0.062632, 0.018333  0.000097 
1476, 0.062632, 0.020000  0.000097 
1477, 0.062632, 0.021667  0.000097 
1478, 0.062632, 0.023333  0.000097 
1479, 0.062632, 0.025000  0.000097 
1480, 0.062632, 0.026667  0.000097 
1481, 0.062632, 0.028333  0.000097 
1482, 0.062632, 0.030000  0.000097 
1483, 0.066316, 0.000000  0.000097 
1484, 0.066316, 0.001667  0.000097 
1485, 0.066316, 0.003333  0.000097 
1486, 0.066316, 0.005000  0.000097 
1487, 0.066316, 0.006667  0.000097 
1488, 0.066316, 0.008333  0.000097 
1489, 0.066316, 0.010000  0.000097 
1490, 0.066316, 0.011667  0.000097 
1491, 0.066316, 0.013333  0.000097 
1492, 0.066316, 0.015000  0.000097 
1493, 0.066316, 0.016667  0.000097 
1494, 0.066316, 0.018333  0.000097 
1495, 0.066316, 0.020000  0.000097 
1496, 0.066316, 0.021667  0.000097 
1497, 0.066316, 0.023333  0.000097 
1498, 0.066316, 0.025000  0.000097 
1499, 0.066316, 0.026667  0.000097 
1500, 0.066316, 0.028333  0.000097 
1501, 0.066316, 0.030000  0.000097 
1502, 0.070000, 0.000000  0.000097 
1503, 0.070000, 0.001667  0.000097 
1504, 0.070000, 0.003333  0.000097 
1505, 0.070000, 0.005000  0.000097 
1506, 0.070000, 0.006667  0.000097 
1507, 0.070000, 0.008333  0.000097 
1508, 0.070000, 0.010000  0.000097 
1509, 0.070000, 0.011667  0.000097 
1510, 0.070000, 0.013333  0.000097 
1511, 0.070000, 0.015000  0.000097 
1512, 0.070000, 0.016667  0.000097 
1513, 0.070000, 0.018333  0.000097 
1514, 0.070000, 0.020000  0.000097 
1515, 0.070000, 0.021667  0.000097 
1516, 0.070000, 0.023333  0.000097 
1517, 0.070000, 0.025000  0.000097 
1518, 0.070000, 0.026667  0.000097 
1519, 0.070000, 0.028333  0.000097 
1520, 0.070000, 0.030000  0.000097 
1521, 0.000000, 0.000000  0.000130 
1522, 0.000000, 0.001667  0.000130 
1523, 0.000000, 0.003333  0.000130 
1524, 0.000000, 0.005000  0.000130 
1525, 0.000000, 0.006667  0.000130 
1526, 0.000000, 0.008333  0.000130 
1527, 0.000000, 0.010000  0.000130 
1528, 0.000000, 0.011667  0.000130 
1529, 0.000000, 0.013333  0.000130 
1530, 0.000000, 0.015000  0.000130 
1531, 0.000000, 0.016667  0.000130 
1532, 0.000000, 0.018333  0.000130 
1533, 0.000000, 0.020000  0.000130 
1534, 0.000000, 0.021667  0.000130 
1535, 0.000000, 0.023333  0.000130 
1536, 0.000000, 0.025000  0.000130 
1537, 0.000000, 0.026667  0.000130 
1538, 0.000000, 0.028333  0.000130 
1539, 0.000000, 0.030000  0.000130 
1540, 0.003684, 0.000000  0.000130 
1541, 0.003684, 0.001667  0.000130 
1542, 0.003684, 0.003333  0.000130 
1543, 0.003684, 0.005000  0.000130 
1544, 0.003684, 0.006667  0.000130 
1545, 0.003684, 0.008333  0.000130 
1546, 0.003684, 0.010000  0.000130 
1547, 0.003684, 0.011667  0.000130 
1548, 0.003684, 0.013333  0.000130 
1549, 0.003684, 0.015000  0.000130 
1550, 0.003684, 0.016667  0.000130 
1551, 0.003684, 0.018333  0.000130 
1552, 0.003684, 0.020000  0.000130 
1553, 0.003684, 0.021667  0.000130 
1554, 0.003684, 0.023333  0.000130 
1555, 0.003684, 0.025000  0.000130 
1556, 0.003684, 0.026667  0.000130 
1557, 0.003684, 0.028333  0.000130 
1558, 0.003684, 0.030000  0.000130 
1559, 0.007368, 0.000000  0.000130 
1560, 0.007368, 0.001667  0.000130 
1561, 0.007368, 0.003333  0.000130 
1562, 0.007368, 0.005000  0.000130 
1563, 0.007368, 0.006667  0.000130 
1564, 0.007368, 0.008333  0.000130 
1565, 0.007368, 0.010000  0.000130 
1566, 0.007368, 0.011667  0.000130 
1567, 0.007368, 0.013333  0.000130 
1568, 0.007368, 0.015000  0.000130 
1569, 0.007368, 0.016667  0.000130 
1570, 0.007368, 0.018333  0.000130 
1571, 0.007368, 0.020000  0.000130 
1572, 0.007368, 0.021667  0.000130 
1573, 0.007368, 0.023333  0.000130 
1574, 0.007368, 0.025000  0.000130 
1575, 0.007368, 0.026667  0.000130 
1576, 0.007368, 0.028333  0.000130 
1577, 0.007368, 0.030000  0.000130 
1578, 0.011053, 0.000000  0.000130 
1579, 0.011053, 0.001667  0.000130 
1580, 0.011053, 0.003333  0.000130 
1581, 0.011053, 0.005000  0.000130 
1582, 0.011053, 0.006667  0.000130 
1583, 0.011053, 0.008333  0.000130 
1584, 0.011053, 0.010000  0.000130 
1585, 0.011053, 0.011667  0.000130 
1586, 0.011053, 0.013333  0.000130 
1587, 0.011053, 0.015000  0.000130 
1588, 0.011053, 0.016667  0.000130 
1589, 0.011053, 0.018333  0.000130 
1590, 0.011053, 0.020000  0.000130 
1591, 0.011053, 0.021667  0.000130 
1592, 0.011053, 0.023333  0.000130 
1593, 0.011053, 0.025000  0.000130 
1594, 0.011053, 0.026667  0.000130 
1595, 0.011053, 0.028333  0.000130 
1596, 0.011053, 0.030000  0.000130 
1597, 0.014737, 0.000000  0.000130 
1598, 0.014737, 0.001667  0.000130 
1599, 0.014737, 0.003333  0.000130 
1600, 0.014737, 0.005000  0.000130 
1601, 0.014737, 0.006667  0.000130 
1602, 0.014737, 0.008333  0.000130 
1603, 0.014737, 0.010000  0.000130 
1604, 0.014737, 0.011667  0.000130 
1605, 0.014737, 0.013333  0.000130 
1606, 0.014737, 0.015000  0.000130 
1607, 0.014737, 0.016667  0.000130 
1608, 0.014737, 0.018333  0.000130 
1609, 0.014737, 0.020000  0.000130 
1610, 0.014737, 0.021667  0.000130 
1611, 0.014737, 0.023333  0.000130 
1612, 0.014737, 0.025000  0.000130 
1613, 0.014737, 0.026667  0.000130 
1614, 0.014737, 0.028333  0.000130 
1615, 0.014737, 0.030000  0.000130 
1616, 0.018421, 0.000000  0.000130 
1617, 0.018421, 0.001667  0.000130 
1618, 0.018421, 0.003333  0.000130 
1619, 0.018421, 0.005000  0.000130 
1620, 0.018421, 0.006667  0.000130 
1621, 0.018421, 0.008333  0.000130 
1622, 0.018421, 0.010000  0.000130 
1623, 0.018421, 0.011667  0.000130 
1624, 0.018421, 0.013333  0.000130 
1625, 0.018421, 0.015000  0.000130 
1626, 0.018421, 0.016667  0.000130 
1627, 0.018421, 0.018333  0.000130 
1628, 0.018421, 0.020000  0.000130 
1629, 0.018421, 0.021667  0.000130 
1630, 0.018421, 0.023333  0.000130 
1631, 0.018421, 0.025000  0.000130 
1632, 0.018421, 0.026667  0.000130 
1633, 0.018421, 0.028333  0.000130 
1634, 0.018421, 0.030000  0.000130 
1635, 0.022105, 0.000000  0.000130 
1636, 0.022105, 0.001667  0.000130 
1637, 0.022105, 0.003333  0.000130 
1638, 0.022105, 0.005000  0.000130 
1639, 0.022105, 0.006667  0.000130 
1640, 0.022105, 0.008333  0.000130 
1641, 0.022105, 0.010000  0.000130 
1642, 0.022105, 0.011667  0.000130 
1643, 0.022105, 0.013333  0.000130 
1644, 0.022105, 0.015000  0.000130 
1645, 0.022105, 0.016667  0.000130 
1646, 0.022105, 0.018333  0.000130 
1647, 0.022105, 0.020000  0.000130 
1648, 0.022105, 0.021667  0.000130 
1649, 0.022105, 0.023333  0.000130 
1650, 0.022105, 0.025000  0.000130 
1651, 0.022105, 0.026667  0.000130 
1652, 0.022105, 0.028333  0.000130 
1653, 0.022105, 0.030000  0.000130 
1654, 0.025789, 0.000000  0.000130 
1655, 0.025789, 0.001667  0.000130 
1656, 0.025789, 0.003333  0.000130 
1657, 0.025789, 0.005000  0.000130 
1658, 0.025789, 0.006667  0.000130 
1659, 0.025789, 0.008333  0.000130 
1660, 0.025789, 0.010000  0.000130 
1661, 0.025789, 0.011667  0.000130 
1662, 0.025789, 0.013333  0.000130 
1663, 0.025789, 0.015000  0.000130 
1664, 0.025789, 0.016667  0.000130 
1665, 0.025789, 0.018333  0.000130 
1666, 0.025789, 0.020000  0.000130 
1667, 0.025789, 0.021667  0.000130 
1668, 0.025789, 0.023333  0.000130 
1669, 0.025789, 0.025000  0.000130 
1670, 0.025789, 0.026667  0.000130 
1671, 0.025789, 0.028333  0.000130 
1672, 0.025789, 0.030000  0.000130 
1673, 0.029474, 0.000000  0.000130 
1674, 0.029474, 0.001667  0.000130 
1675, 0.029474, 0.003333  0.000130 
1676, 0.029474, 0.005000  0.000130 
1677, 0.029474, 0.006667  0.000130 
1678, 0.029474, 0.008333  0.000130 
1679, 0.029474, 0.010000  0.000130 
1680, 0.029474, 0.011667  0.000130 
1681, 0.029474, 0.013333  0.000130 
1682, 0.029474, 0.015000  0.000130 
1683, 0.029474, 0.016667  0.000130 
1684, 0.029474, 0.018333  0.000130 
1685, 0.029474, 0.020000  0.000130 
1686, 0.029474, 0.021667  0.000130 
1687, 0.029474, 0.023333  0.000130 
1688, 0.029474, 0.025000  0.000130 
1689, 0.029474, 0.026667  0.000130 
1690, 0.029474, 0.028333  0.000130 
1691, 0.029474, 0.030000  0.000130 
1692, 0.033158, 0.000000  0.000130 
1693, 0.033158, 0.001667  0.000130 
1694, 0.033158, 0.003333  0.000130 
1695, 0.033158, 0.005000  0.000130 
1696, 0.033158, 0.006667  0.000130 
1697, 0.033158, 0.008333  0.000130 
1698, 0.033158, 0.010000  0.000130 
1699, 0.033158, 0.011667  0.000130 
1700, 0.033158, 0.013333  0.000130 
1701, 0.033158, 0.015000  0.000130 
1702, 0.033158, 0.016667  0.000130 
1703, 0.033158, 0.018333  0.000130 
1704, 0.033158, 0.020000  0.000130 
1705, 0.033158, 0.021667  0.000130 
1706, 0.033158, 0.023333  0.000130 
1707, 0.033158, 0.025000  0.000130 
1708, 0.033158, 0.026667  0.000130 
1709, 0.033158, 0.028333  0.000130 
1710, 0.033158, 0.030000  0.000130 
1711, 0.036842, 0.000000  0.000130 
1712, 0.036842, 0.001667  0.000130 
1713, 0.036842, 0.003333  0.000130 
1714, 0.036842, 0.005000  0.000130 
1715, 0.036842, 0.006667  0.000130 
1716, 0.036842, 0.008333  0.000130 
1717, 0.036842, 0.010000  0.000130 
1718, 0.036842, 0.011667  0.000130 
1719, 0.036842, 0.013333  0.000130 
1720, 0.036842, 0.015000  0.000130 
1721, 0.036842, 0.016667  0.000130 
1722, 0.036842, 0.018333  0.000130 
1723, 0.036842, 0.020000  0.000130 
1724, 0.036842, 0.021667  0.000130 
1725, 0.036842, 0.023333  0.000130 
1726, 0.036842, 0.025000  0.000130 
1727, 0.036842, 0.026667  0.000130 
1728, 0.036842, 0.028333  0.000130 
1729, 0.036842, 0.030000  0.000130 
1730, 0.040526, 0.000000  0.000130 
1731, 0.040526, 0.001667  0.000130 
1732, 0.040526, 0.003333  0.000130 
1733, 0.040526, 0.005000  0.000130 
1734, 0.040526, 0.006667  0.000130 
1735, 0.040526, 0.008333  0.000130 
1736, 0.040526, 0.010000  0.000130 
1737, 0.040526, 0.011667  0.000130 
1738, 0.040526, 0.013333  0.000130 
1739, 0.040526, 0.015000  0.000130 
1740, 0.040526, 0.016667  0.000130 
1741, 0.040526, 0.018333  0.000130 
1742, 0.040526, 0.020000  0.000130 
1743, 0.040526, 0.021667  0.000130 
1744, 0.040526, 0.023333  0.000130 
1745, 0.040526, 0.025000  0.000130 
1746, 0.040526, 0.026667  0.000130 
1747, 0.040526, 0.028333  0.000130 
1748, 0.040526, 0.030000  0.000130 
1749, 0.044211, 0.000000  0.000130 
1750, 0.044211, 0.001667  0.000130 
1751, 0.044211, 0.003333  0.000130 
1752, 0.044211, 0.005000  0.000130 
1753, 0.044211, 0.006667  0.000130 
1754, 0.044211, 0.008333  0.000130 
1755, 0.044211, 0.010000  0.000130 
1756, 0.044211, 0.011667  0.000130 
1757, 0.044211, 0.013333  0.000130 
1758, 0.044211, 0.015000  0.000130 
1759, 0.044211, 0.016667  0.000130 
1760, 0.044211, 0.018333  0.000130 
1761, 0.044211, 0.020000  0.000130 
1762, 0.044211, 0.021667  0.000130 
1763, 0.044211, 0.023333  0.000130 
1764, 0.044211, 0.025000  0.000130 
1765, 0.044211, 0.026667  0.000130 
1766, 0.044211, 0.028333  0.000130 
1767, 0.044211, 0.030000  0.000130 
1768, 0.047895, 0.000000  0.000130 
1769, 0.047895, 0.001667  0.000130 
1770, 0.047895, 0.003333  0.000130 
1771, 0.047895, 0.005000  0.000130 
1772, 0.047895, 0.006667  0.000130 
1773, 0.047895, 0.008333  0.000130 
1774, 0.047895, 0.010000  0.000130 
1775, 0.047895, 0.011667  0.000130 
1776, 0.047895, 0.013333  0.000130 
1777, 0.047895, 0.015000  0.000130 
1778, 0.047895, 0.016667  0.000130 
1779, 0.047895, 0.018333  0.000130 
1780, 0.047895, 0.020000  0.000130 
1781, 0.047895, 0.021667  0.000130 
1782, 0.047895, 0.023333  0.000130 
1783, 0.047895, 0.025000  0.000130 
1784, 0.047895, 0.026667  0.000130 
1785, 0.047895, 0.028333  0.000130 
1786, 0.047895, 0.030000  0.000130 
1787, 0.051579, 0.000000  0.000130 
1788, 0.051579, 0.001667  0.000130 
1789, 0.051579, 0.003333  0.000130 
1790, 0.051579, 0.005000  0.000130 
1791, 0.051579, 0.006667  0.000130 
1792, 0.051579, 0.008333  0.000130 
1793, 0.051579, 0.010000  0.000130 
1794, 0.051579, 0.011667  0.000130 
1795, 0.051579, 0.013333  0.000130 
1796, 0.051579, 0.015000  0.000130 
1797, 0.051579, 0.016667  0.000130 
1798, 0.051579, 0.018333  0.000130 
1799, 0.051579, 0.020000  0.000130 
1800, 0.051579, 0.021667  0.000130 
1801, 0.051579, 0.023333  0.000130 
1802, 0.051579, 0.025000  0.000130 
1803, 0.051579, 0.026667  0.000130 
1804, 0.051579, 0.028333  0.000130 
1805, 0.051579, 0.030000  0.000130 
1806, 0.055263, 0.000000  0.000130 
1807, 0.055263, 0.001667  0.000130 
1808, 0.055263, 0.003333  0.000130 
1809, 0.055263, 0.005000  0.000130 
1810, 0.055263, 0.006667  0.000130 
1811, 0.055263, 0.008333  0.000130 
1812, 0.055263, 0.010000  0.000130 
1813, 0.055263, 0.011667  0.000130 
1814, 0.055263, 0.013333  0.000130 
1815, 0.055263, 0.015000  0.000130 
1816, 0.055263, 0.016667  0.000130 
1817, 0.055263, 0.018333  0.000130 
1818, 0.055263, 0.020000  0.000130 
1819, 0.055263, 0.021667  0.000130 
1820, 0.055263, 0.023333  0.000130 
1821, 0.055263, 0.025000  0.000130 
1822, 0.055263, 0.026667  0.000130 
1823, 0.055263, 0.028333  0.000130 
1824, 0.055263, 0.030000  0.000130 
1825, 0.058947, 0.000000  0.000130 
1826, 0.058947, 0.001667  0.000130 
1827, 0.058947, 0.003333  0.000130 
1828, 0.058947, 0.005000  0.000130 
1829, 0.058947, 0.006667  0.000130 
1830, 0.058947, 0.008333  0.000130 
1831, 0.058947, 0.010000  0.000130 
1832, 0.058947, 0.011667  0.000130 
1833, 0.058947, 0.013333  0.000130 
1834, 0.058947, 0.015000  0.000130 
1835, 0.058947, 0.016667  0.000130 
1836, 0.058947, 0.018333  0.000130 
1837, 0.058947, 0.020000  0.000130 
1838, 0.058947, 0.021667  0.000130 
1839, 0.058947, 0.023333  0.000130 
1840, 0.058947, 0.025000  0.000130 
1841, 0.058947, 0.026667  0.000130 
1842, 0.058947, 0.028333  0.000130 
1843, 0.058947, 0.030000  0.000130 
1844, 0.062632, 0.000000  0.000130 
1845, 0.062632, 0.001667  0.000130 
1846, 0.062632, 0.003333  0.000130 
1847, 0.062632, 0.005000  0.000130 
1848, 0.062632, 0.006667  0.000130 
1849, 0.062632, 0.008333  0.000130 
1850, 0.062632, 0.010000  0.000130 
1851, 0.062632, 0.011667  0.000130 
1852, 0.062632, 0.013333  0.000130 
1853, 0.062632, 0.015000  0.000130 
1854, 0.062632, 0.016667  0.000130 
1855, 0.062632, 0.018333  0.000130 
1856, 0.062632, 0.020000  0.000130 
1857, 0.062632, 0.021667  0.000130 
1858, 0.062632, 0.023333  0.000130 
1859, 0.062632, 0.025000  0.000130 
1860, 0.062632, 0.026667  0.000130 
1861, 0.062632, 0.028333  0.000130 
1862, 0.062632, 0.030000  0.000130 
1863, 0.066316, 0.000000  0.000130 
1864, 0.066316, 0.001667  0.000130 
1865, 0.066316, 0.003333  0.000130 
1866, 0.066316, 0.005000  0.000130 
1867, 0.066316, 0.006667  0.000130 
1868, 0.066316, 0.008333  0.000130 
1869, 0.066316, 0.010000  0.000130 
1870, 0.066316, 0.011667  0.000130 
1871, 0.066316, 0.013333  0.000130 
1872, 0.066316, 0.015000  0.000130 
1873, 0.066316, 0.016667  0.000130 
1874, 0.066316, 0.018333  0.000130 
1875, 0.066316, 0.020000  0.000130 
1876, 0.066316, 0.021667  0.000130 
1877, 0.066316, 0.023333  0.000130 
1878, 0.066316, 0.025000  0.000130 
1879, 0.066316, 0.026667  0.000130 
1880, 0.066316, 0.028333  0.000130 
1881, 0.066316, 0.030000  0.000130 
1882, 0.070000, 0.000000  0.000130 
1883, 0.070000, 0.001667  0.000130 
1884, 0.070000, 0.003333  0.000130 
1885, 0.070000, 0.005000  0.000130 
1886, 0.070000, 0.006667  0.000130 
1887, 0.070000, 0.008333  0.000130 
1888, 0.070000, 0.010000  0.000130 
1889, 0.070000, 0.011667  0.000130 
1890, 0.070000, 0.013333  0.000130 
1891, 0.070000, 0.015000  0.000130 
1892, 0.070000, 0.016667  0.000130 
1893, 0.070000, 0.018333  0.000130 
1894, 0.070000, 0.020000  0.000130 
1895, 0.070000, 0.021667  0.000130 
1896, 0.070000, 0.023333  0.000130 
1897, 0.070000, 0.025000  0.000130 
1898, 0.070000, 0.026667  0.000130 
1899, 0.070000, 0.028333  0.000130 
1900, 0.070000, 0.030000  0.000130 
