  -0.15732928      0.09551874     0.31099647  
   -0.15877170      0.08511829     0.31099647  
  nan nan nan 
  -0.16730574      0.09791451     0.31099656  
   -0.17074344      0.08799321     0.31099656  
  nan nan nan 
  -0.17449083      0.10102179     0.31099663  
   -0.17936555      0.09172195     0.31099663  
  nan nan nan 
  -0.18021124      0.10450242     0.31099667  
   -0.18623005      0.09589870     0.31099667  
  nan nan nan 
  -0.18494331      0.10823497     0.31099671  
   -0.19190853      0.10037776     0.31099671  
  nan nan nan 
  -0.18892206      0.11215953     0.31099674  
   -0.19668303      0.10508724     0.31099674  
  nan nan nan 
  -0.19228194      0.11624185     0.31099676  
   -0.20071489      0.10998601     0.31099676  
  nan nan nan 
  -0.15732928      0.09551874     0.30966314  
   -0.15877170      0.08511829     0.30966314  
  nan nan nan 
  -0.16730574      0.09791451     0.30966323  
   -0.17074344      0.08799321     0.30966323  
  nan nan nan 
  -0.17449083      0.10102179     0.30966329  
   -0.17936555      0.09172195     0.30966329  
  nan nan nan 
  -0.18021124      0.10450242     0.30966334  
   -0.18623005      0.09589870     0.30966334  
  nan nan nan 
  -0.18494331      0.10823497     0.30966338  
   -0.19190853      0.10037776     0.30966338  
  nan nan nan 
  -0.18892206      0.11215953     0.30966341  
   -0.19668303      0.10508724     0.30966341  
  nan nan nan 
  -0.19228194      0.11624185     0.30966343  
   -0.20071489      0.10998601     0.30966343  
  nan nan nan 
  -0.15732928      0.09551874     0.30832981  
   -0.15877170      0.08511829     0.30832981  
  nan nan nan 
  -0.16730574      0.09791451     0.30832990  
   -0.17074344      0.08799321     0.30832990  
  nan nan nan 
  -0.17449083      0.10102179     0.30832996  
   -0.17936555      0.09172195     0.30832996  
  nan nan nan 
  -0.18021124      0.10450242     0.30833001  
   -0.18623005      0.09589870     0.30833001  
  nan nan nan 
  -0.18494331      0.10823497     0.30833004  
   -0.19190853      0.10037776     0.30833004  
  nan nan nan 
  -0.18892206      0.11215953     0.30833007  
   -0.19668303      0.10508724     0.30833007  
  nan nan nan 
  -0.19228194      0.11624185     0.30833010  
   -0.20071489      0.10998601     0.30833010  
  nan nan nan 
  -0.15732928      0.09551874     0.30699647  
   -0.15877170      0.08511829     0.30699647  
  nan nan nan 
  -0.16730574      0.09791451     0.30699656  
   -0.17074344      0.08799321     0.30699656  
  nan nan nan 
  -0.17449083      0.10102179     0.30699663  
   -0.17936555      0.09172195     0.30699663  
  nan nan nan 
  -0.18021124      0.10450242     0.30699667  
   -0.18623005      0.09589870     0.30699667  
  nan nan nan 
  -0.18494331      0.10823497     0.30699671  
   -0.19190853      0.10037776     0.30699671  
  nan nan nan 
  -0.18892206      0.11215953     0.30699674  
   -0.19668303      0.10508724     0.30699674  
  nan nan nan 
  -0.19228194      0.11624185     0.30699676  
   -0.20071489      0.10998602     0.30699676  
  nan nan nan 
  -0.15732928      0.09551874     0.30566314  
   -0.15877170      0.08511829     0.30566314  
  nan nan nan 
  -0.16730574      0.09791451     0.30566323  
   -0.17074344      0.08799321     0.30566323  
  nan nan nan 
  -0.17449083      0.10102179     0.30566329  
   -0.17936555      0.09172195     0.30566329  
  nan nan nan 
  -0.18021124      0.10450242     0.30566334  
   -0.18623005      0.09589870     0.30566334  
  nan nan nan 
  -0.18494331      0.10823497     0.30566338  
   -0.19190853      0.10037776     0.30566338  
  nan nan nan 
  -0.18892206      0.11215953     0.30566341  
   -0.19668303      0.10508724     0.30566341  
  nan nan nan 
  -0.19228194      0.11624185     0.30566343  
   -0.20071489      0.10998602     0.30566343  
  nan nan nan 
  -0.15732928      0.09551874     0.30432981  
   -0.15877170      0.08511829     0.30432981  
  nan nan nan 
  -0.16730574      0.09791451     0.30432990  
   -0.17074344      0.08799321     0.30432990  
  nan nan nan 
  -0.17449083      0.10102180     0.30432996  
   -0.17936555      0.09172195     0.30432996  
  nan nan nan 
  -0.18021124      0.10450242     0.30433001  
   -0.18623005      0.09589870     0.30433001  
  nan nan nan 
  -0.18494331      0.10823497     0.30433004  
   -0.19190853      0.10037776     0.30433004  
  nan nan nan 
  -0.18892206      0.11215953     0.30433007  
   -0.19668303      0.10508724     0.30433007  
  nan nan nan 
  -0.19228194      0.11624185     0.30433010  
   -0.20071489      0.10998602     0.30433010  
  nan nan nan 
  -0.15732928      0.09551874     0.30299647  
   -0.15877170      0.08511829     0.30299647  
  nan nan nan 
  -0.16730574      0.09791451     0.30299656  
   -0.17074344      0.08799321     0.30299656  
  nan nan nan 
  -0.17449083      0.10102180     0.30299663  
   -0.17936555      0.09172195     0.30299663  
  nan nan nan 
  -0.18021124      0.10450242     0.30299667  
   -0.18623005      0.09589870     0.30299667  
  nan nan nan 
  -0.18494331      0.10823497     0.30299671  
   -0.19190853      0.10037776     0.30299671  
  nan nan nan 
  -0.18892206      0.11215953     0.30299674  
   -0.19668303      0.10508724     0.30299674  
  nan nan nan 
  -0.19228194      0.11624185     0.30299676  
   -0.20071489      0.10998602     0.30299676  
  nan nan nan 
  -0.15732928      0.09551874     0.30166314  
   -0.15877170      0.08511829     0.30166314  
  nan nan nan 
  -0.16730574      0.09791451     0.30166323  
   -0.17074344      0.08799321     0.30166323  
  nan nan nan 
  -0.17449083      0.10102180     0.30166329  
   -0.17936555      0.09172195     0.30166329  
  nan nan nan 
  -0.18021124      0.10450242     0.30166334  
   -0.18623005      0.09589870     0.30166334  
  nan nan nan 
  -0.18494331      0.10823497     0.30166338  
   -0.19190853      0.10037776     0.30166338  
  nan nan nan 
  -0.18892206      0.11215953     0.30166341  
   -0.19668303      0.10508724     0.30166341  
  nan nan nan 
  -0.19228194      0.11624185     0.30166343  
   -0.20071489      0.10998602     0.30166343  
  nan nan nan 
  -0.15732928      0.09551874     0.30032981  
   -0.15877170      0.08511829     0.30032981  
  nan nan nan 
  -0.16730574      0.09791451     0.30032990  
   -0.17074344      0.08799321     0.30032990  
  nan nan nan 
  -0.17449083      0.10102180     0.30032996  
   -0.17936555      0.09172195     0.30032996  
  nan nan nan 
  -0.18021125      0.10450242     0.30033001  
   -0.18623005      0.09589870     0.30033001  
  nan nan nan 
  -0.18494331      0.10823497     0.30033004  
   -0.19190853      0.10037776     0.30033004  
  nan nan nan 
  -0.18892206      0.11215953     0.30033007  
   -0.19668303      0.10508724     0.30033007  
  nan nan nan 
  -0.19228194      0.11624185     0.30033010  
   -0.20071489      0.10998602     0.30033010  
  nan nan nan 
  -0.15732929      0.09551874     0.29899647  
   -0.15877170      0.08511829     0.29899647  
  nan nan nan 
  -0.16730574      0.09791451     0.29899656  
   -0.17074344      0.08799321     0.29899656  
  nan nan nan 
  -0.17449083      0.10102180     0.29899663  
   -0.17936555      0.09172195     0.29899663  
  nan nan nan 
  -0.18021125      0.10450242     0.29899667  
   -0.18623005      0.09589870     0.29899667  
  nan nan nan 
  -0.18494331      0.10823497     0.29899671  
   -0.19190853      0.10037776     0.29899671  
  nan nan nan 
  -0.18892206      0.11215953     0.29899674  
   -0.19668303      0.10508724     0.29899674  
  nan nan nan 
  -0.19228194      0.11624185     0.29899676  
   -0.20071489      0.10998602     0.29899676  
  nan nan nan 
  -0.15732929      0.09551874     0.29766314  
   -0.15877170      0.08511829     0.29766314  
  nan nan nan 
  -0.16730574      0.09791451     0.29766323  
   -0.17074345      0.08799321     0.29766323  
  nan nan nan 
  -0.17449083      0.10102180     0.29766329  
   -0.17936555      0.09172195     0.29766329  
  nan nan nan 
  -0.18021125      0.10450242     0.29766334  
   -0.18623005      0.09589870     0.29766334  
  nan nan nan 
  -0.18494331      0.10823497     0.29766338  
   -0.19190853      0.10037776     0.29766338  
  nan nan nan 
  -0.18892206      0.11215953     0.29766341  
   -0.19668303      0.10508724     0.29766341  
  nan nan nan 
  -0.19228194      0.11624185     0.29766343  
   -0.20071489      0.10998602     0.29766343  
  nan nan nan 
  -0.15732929      0.09551874     0.29632981  
   -0.15877170      0.08511829     0.29632981  
  nan nan nan 
  -0.16730574      0.09791451     0.29632990  
   -0.17074345      0.08799321     0.29632990  
  nan nan nan 
  -0.17449083      0.10102180     0.29632996  
   -0.17936555      0.09172195     0.29632996  
  nan nan nan 
  -0.18021125      0.10450242     0.29633001  
   -0.18623005      0.09589870     0.29633001  
  nan nan nan 
  -0.18494331      0.10823497     0.29633004  
   -0.19190853      0.10037776     0.29633004  
  nan nan nan 
  -0.18892206      0.11215953     0.29633007  
   -0.19668303      0.10508724     0.29633007  
  nan nan nan 
  -0.19228194      0.11624185     0.29633010  
   -0.20071489      0.10998602     0.29633010  
  nan nan nan 
  -0.15732929      0.09551874     0.29499647  
   -0.15877170      0.08511829     0.29499647  
  nan nan nan 
  -0.16730574      0.09791451     0.29499656  
   -0.17074345      0.08799321     0.29499656  
  nan nan nan 
  -0.17449083      0.10102180     0.29499663  
   -0.17936555      0.09172195     0.29499663  
  nan nan nan 
  -0.18021125      0.10450242     0.29499667  
   -0.18623005      0.09589870     0.29499667  
  nan nan nan 
  -0.18494331      0.10823497     0.29499671  
   -0.19190853      0.10037776     0.29499671  
  nan nan nan 
  -0.18892206      0.11215953     0.29499674  
   -0.19668303      0.10508724     0.29499674  
  nan nan nan 
  -0.19228194      0.11624185     0.29499676  
   -0.20071489      0.10998602     0.29499676  
  nan nan nan 
  -0.15732929      0.09551874     0.29366314  
   -0.15877170      0.08511829     0.29366314  
  nan nan nan 
  -0.16730574      0.09791451     0.29366323  
   -0.17074345      0.08799321     0.29366323  
  nan nan nan 
  -0.17449083      0.10102180     0.29366329  
   -0.17936555      0.09172195     0.29366329  
  nan nan nan 
  -0.18021125      0.10450242     0.29366334  
   -0.18623005      0.09589870     0.29366334  
  nan nan nan 
  -0.18494331      0.10823497     0.29366338  
   -0.19190853      0.10037776     0.29366338  
  nan nan nan 
  -0.18892206      0.11215953     0.29366341  
   -0.19668303      0.10508724     0.29366341  
  nan nan nan 
  -0.19228194      0.11624185     0.29366343  
   -0.20071489      0.10998602     0.29366343  
  nan nan nan 
  -0.15732929      0.09551874     0.29232981  
   -0.15877170      0.08511829     0.29232981  
  nan nan nan 
  -0.16730574      0.09791451     0.29232990  
   -0.17074345      0.08799321     0.29232990  
  nan nan nan 
  -0.17449083      0.10102180     0.29232996  
   -0.17936555      0.09172195     0.29232996  
  nan nan nan 
  -0.18021125      0.10450242     0.29233001  
   -0.18623005      0.09589870     0.29233001  
  nan nan nan 
  -0.18494331      0.10823497     0.29233004  
   -0.19190853      0.10037776     0.29233004  
  nan nan nan 
  -0.18892206      0.11215953     0.29233007  
   -0.19668303      0.10508724     0.29233007  
  nan nan nan 
  -0.19228194      0.11624185     0.29233010  
   -0.20071489      0.10998602     0.29233010  
  nan nan nan 
  -0.15732929      0.09551874     0.29099647  
   -0.15877170      0.08511829     0.29099647  
  nan nan nan 
  -0.16730574      0.09791451     0.29099656  
   -0.17074345      0.08799321     0.29099656  
  nan nan nan 
  -0.17449083      0.10102180     0.29099663  
   -0.17936555      0.09172195     0.29099663  
  nan nan nan 
  -0.18021125      0.10450242     0.29099667  
   -0.18623005      0.09589870     0.29099667  
  nan nan nan 
  -0.18494331      0.10823497     0.29099671  
   -0.19190853      0.10037776     0.29099671  
  nan nan nan 
  -0.18892206      0.11215953     0.29099674  
   -0.19668303      0.10508724     0.29099674  
  nan nan nan 
  -0.19228194      0.11624185     0.29099676  
   -0.20071489      0.10998602     0.29099676  
  nan nan nan 
  -0.15732929      0.09551874     0.28966314  
   -0.15877170      0.08511829     0.28966314  
  nan nan nan 
  -0.16730574      0.09791451     0.28966323  
   -0.17074345      0.08799321     0.28966323  
  nan nan nan 
  -0.17449083      0.10102180     0.28966329  
   -0.17936555      0.09172195     0.28966329  
  nan nan nan 
  -0.18021125      0.10450242     0.28966334  
   -0.18623005      0.09589870     0.28966334  
  nan nan nan 
  -0.18494331      0.10823497     0.28966338  
   -0.19190853      0.10037776     0.28966338  
  nan nan nan 
  -0.18892206      0.11215953     0.28966341  
   -0.19668303      0.10508724     0.28966341  
  nan nan nan 
  -0.19228194      0.11624185     0.28966343  
   -0.20071489      0.10998602     0.28966343  
  nan nan nan 
  -0.15732929      0.09551874     0.28832981  
   -0.15877170      0.08511829     0.28832981  
  nan nan nan 
  -0.16730574      0.09791451     0.28832990  
   -0.17074345      0.08799321     0.28832990  
  nan nan nan 
  -0.17449083      0.10102180     0.28832996  
   -0.17936555      0.09172195     0.28832996  
  nan nan nan 
  -0.18021125      0.10450242     0.28833001  
   -0.18623005      0.09589870     0.28833001  
  nan nan nan 
  -0.18494331      0.10823497     0.28833004  
   -0.19190853      0.10037776     0.28833004  
  nan nan nan 
  -0.18892206      0.11215953     0.28833007  
   -0.19668303      0.10508724     0.28833007  
  nan nan nan 
  -0.19228194      0.11624185     0.28833010  
   -0.20071489      0.10998602     0.28833010  
  nan nan nan 
  -0.15732929      0.09551874     0.28699647  
   -0.15877170      0.08511829     0.28699647  
  nan nan nan 
  -0.16730574      0.09791451     0.28699656  
   -0.17074345      0.08799321     0.28699656  
  nan nan nan 
  -0.17449083      0.10102180     0.28699663  
   -0.17936555      0.09172195     0.28699663  
  nan nan nan 
  -0.18021125      0.10450242     0.28699667  
   -0.18623005      0.09589870     0.28699667  
  nan nan nan 
  -0.18494331      0.10823497     0.28699671  
   -0.19190853      0.10037776     0.28699671  
  nan nan nan 
  -0.18892206      0.11215953     0.28699674  
   -0.19668303      0.10508724     0.28699674  
  nan nan nan 
  -0.19228194      0.11624185     0.28699676  
   -0.20071489      0.10998602     0.28699676  
  nan nan nan 
  -0.15732929      0.09551874     0.28566314  
   -0.15877170      0.08511829     0.28566314  
  nan nan nan 
  -0.16730574      0.09791451     0.28566323  
   -0.17074345      0.08799321     0.28566323  
  nan nan nan 
  -0.17449083      0.10102180     0.28566329  
   -0.17936555      0.09172195     0.28566329  
  nan nan nan 
  -0.18021125      0.10450242     0.28566334  
   -0.18623005      0.09589870     0.28566334  
  nan nan nan 
  -0.18494331      0.10823497     0.28566338  
   -0.19190853      0.10037776     0.28566338  
  nan nan nan 
  -0.18892206      0.11215953     0.28566341  
   -0.19668303      0.10508724     0.28566341  
  nan nan nan 
  -0.19228194      0.11624185     0.28566343  
   -0.20071489      0.10998602     0.28566343  
  nan nan nan 
  -0.15732929      0.09551874     0.28432981  
   -0.15877170      0.08511829     0.28432981  
  nan nan nan 
  -0.16730574      0.09791451     0.28432990  
   -0.17074345      0.08799321     0.28432990  
  nan nan nan 
  -0.17449083      0.10102180     0.28432996  
   -0.17936555      0.09172195     0.28432996  
  nan nan nan 
  -0.18021125      0.10450242     0.28433001  
   -0.18623005      0.09589870     0.28433001  
  nan nan nan 
  -0.18494331      0.10823497     0.28433004  
   -0.19190853      0.10037776     0.28433004  
  nan nan nan 
  -0.18892206      0.11215953     0.28433007  
   -0.19668303      0.10508724     0.28433007  
  nan nan nan 
  -0.19228194      0.11624185     0.28433010  
   -0.20071489      0.10998602     0.28433010  
  nan nan nan 
  -0.15732929      0.09551874     0.28299647  
   -0.15877170      0.08511829     0.28299647  
  nan nan nan 
  -0.16730574      0.09791451     0.28299656  
   -0.17074345      0.08799321     0.28299656  
  nan nan nan 
  -0.17449083      0.10102180     0.28299663  
   -0.17936555      0.09172195     0.28299663  
  nan nan nan 
  -0.18021125      0.10450242     0.28299667  
   -0.18623005      0.09589870     0.28299667  
  nan nan nan 
  -0.18494331      0.10823497     0.28299671  
   -0.19190853      0.10037776     0.28299671  
  nan nan nan 
  -0.18892206      0.11215953     0.28299674  
   -0.19668303      0.10508724     0.28299674  
  nan nan nan 
  -0.19228194      0.11624185     0.28299676  
   -0.20071489      0.10998602     0.28299676  
  nan nan nan 
  -0.15732929      0.09551874     0.28166314  
   -0.15877170      0.08511829     0.28166314  
  nan nan nan 
  -0.16730574      0.09791451     0.28166323  
   -0.17074345      0.08799321     0.28166323  
  nan nan nan 
  -0.17449083      0.10102180     0.28166329  
   -0.17936555      0.09172195     0.28166329  
  nan nan nan 
  -0.18021125      0.10450242     0.28166334  
   -0.18623005      0.09589870     0.28166334  
  nan nan nan 
  -0.18494331      0.10823497     0.28166338  
   -0.19190853      0.10037776     0.28166338  
  nan nan nan 
  -0.18892206      0.11215953     0.28166341  
   -0.19668303      0.10508724     0.28166341  
  nan nan nan 
  -0.19228194      0.11624185     0.28166343  
   -0.20071489      0.10998602     0.28166343  
  nan nan nan 
  -0.15732929      0.09551874     0.28032981  
   -0.15877170      0.08511829     0.28032981  
  nan nan nan 
  -0.16730574      0.09791451     0.28032990  
   -0.17074345      0.08799321     0.28032990  
  nan nan nan 
  -0.17449083      0.10102180     0.28032996  
   -0.17936555      0.09172195     0.28032996  
  nan nan nan 
  -0.18021125      0.10450242     0.28033001  
   -0.18623005      0.09589870     0.28033001  
  nan nan nan 
  -0.18494331      0.10823497     0.28033004  
   -0.19190853      0.10037776     0.28033004  
  nan nan nan 
  -0.18892206      0.11215953     0.28033007  
   -0.19668303      0.10508724     0.28033007  
  nan nan nan 
  -0.19228194      0.11624185     0.28033010  
   -0.20071489      0.10998602     0.28033010  
  nan nan nan 
  -0.15732929      0.09551874     0.27899647  
   -0.15877170      0.08511829     0.27899647  
  nan nan nan 
  -0.16730574      0.09791451     0.27899656  
   -0.17074345      0.08799321     0.27899656  
  nan nan nan 
  -0.17449083      0.10102180     0.27899663  
   -0.17936555      0.09172195     0.27899663  
  nan nan nan 
  -0.18021125      0.10450242     0.27899667  
   -0.18623005      0.09589870     0.27899667  
  nan nan nan 
  -0.18494331      0.10823497     0.27899671  
   -0.19190853      0.10037776     0.27899671  
  nan nan nan 
  -0.18892206      0.11215953     0.27899674  
   -0.19668303      0.10508724     0.27899674  
  nan nan nan 
  -0.19228194      0.11624185     0.27899676  
   -0.20071489      0.10998602     0.27899676  
  nan nan nan 
