  -0.17214827   0.09986723   0.31100306 
  -0.16078393   0.09611604   0.31100322 
  -0.15224093   0.09506398   0.31100334 
  -0.14510803   0.09526053   0.31100345 
  -0.13883071   0.09624855   0.31100355 
  -0.13310098   0.09785515   0.31100365 
  -0.12770198   0.10004673   0.31100375 
  -0.12243335   0.10291323   0.31100384 
 -0.13464169   0.08237160   0.31099673 
 -0.14317479   0.06644129   0.31099696 
 -0.15232776   0.04134876   0.31099726 
  -0.17214827   0.09986723   0.30966972 
  -0.16078393   0.09611604   0.30966988 
  -0.15224093   0.09506398   0.30967001 
  -0.14510803   0.09526053   0.30967012 
  -0.13883071   0.09624855   0.30967022 
  -0.13310098   0.09785515   0.30967032 
  -0.12770198   0.10004673   0.30967041 
  -0.12243335   0.10291323   0.30967051 
 -0.13464169   0.08237160   0.30966340 
 -0.14317479   0.06644129   0.30966363 
 -0.15232776   0.04134876   0.30966393 
  -0.17214827   0.09986723   0.30833639 
  -0.16078393   0.09611604   0.30833655 
  -0.15224093   0.09506398   0.30833668 
  -0.14510803   0.09526053   0.30833679 
  -0.13883071   0.09624855   0.30833689 
  -0.13310098   0.09785515   0.30833698 
  -0.12770198   0.10004673   0.30833708 
  -0.12243335   0.10291323   0.30833717 
 -0.13464169   0.08237160   0.30833007 
 -0.14317479   0.06644129   0.30833029 
 -0.15232776   0.04134876   0.30833060 
  -0.17214827   0.09986723   0.30700306 
  -0.16078393   0.09611604   0.30700322 
  -0.15224093   0.09506398   0.30700334 
  -0.14510803   0.09526053   0.30700345 
  -0.13883071   0.09624855   0.30700355 
  -0.13310098   0.09785515   0.30700365 
  -0.12770198   0.10004673   0.30700375 
  -0.12243335   0.10291323   0.30700384 
 -0.13464169   0.08237160   0.30699673 
 -0.14317479   0.06644129   0.30699696 
 -0.15232776   0.04134876   0.30699726 
  -0.17214827   0.09986723   0.30566972 
  -0.16078393   0.09611604   0.30566988 
  -0.15224093   0.09506398   0.30567001 
  -0.14510803   0.09526053   0.30567012 
  -0.13883071   0.09624855   0.30567022 
  -0.13310098   0.09785515   0.30567032 
  -0.12770197   0.10004673   0.30567041 
  -0.12243335   0.10291323   0.30567051 
 -0.13464169   0.08237160   0.30566340 
 -0.14317479   0.06644129   0.30566363 
 -0.15232776   0.04134876   0.30566393 
  -0.17214827   0.09986723   0.30433639 
  -0.16078393   0.09611604   0.30433655 
  -0.15224093   0.09506398   0.30433668 
  -0.14510803   0.09526053   0.30433679 
  -0.13883071   0.09624855   0.30433689 
  -0.13310098   0.09785515   0.30433698 
  -0.12770197   0.10004674   0.30433708 
  -0.12243335   0.10291323   0.30433717 
 -0.13464169   0.08237160   0.30433007 
 -0.14317479   0.06644129   0.30433029 
 -0.15232776   0.04134876   0.30433060 
  -0.17214827   0.09986723   0.30300306 
  -0.16078393   0.09611604   0.30300322 
  -0.15224093   0.09506398   0.30300334 
  -0.14510803   0.09526053   0.30300345 
  -0.13883071   0.09624855   0.30300355 
  -0.13310098   0.09785515   0.30300365 
  -0.12770197   0.10004674   0.30300375 
  -0.12243335   0.10291323   0.30300384 
 -0.13464169   0.08237160   0.30299673 
 -0.14317479   0.06644129   0.30299696 
 -0.15232776   0.04134876   0.30299726 
  -0.17214827   0.09986723   0.30166972 
  -0.16078393   0.09611604   0.30166988 
  -0.15224093   0.09506398   0.30167001 
  -0.14510803   0.09526053   0.30167012 
  -0.13883071   0.09624855   0.30167022 
  -0.13310098   0.09785515   0.30167032 
  -0.12770197   0.10004674   0.30167041 
  -0.12243335   0.10291323   0.30167051 
 -0.13464169   0.08237160   0.30166340 
 -0.14317479   0.06644129   0.30166363 
 -0.15232776   0.04134876   0.30166393 
  -0.17214827   0.09986723   0.30033639 
  -0.16078393   0.09611604   0.30033655 
  -0.15224093   0.09506398   0.30033668 
  -0.14510803   0.09526053   0.30033679 
  -0.13883071   0.09624855   0.30033689 
  -0.13310098   0.09785515   0.30033698 
  -0.12770197   0.10004674   0.30033708 
  -0.12243335   0.10291324   0.30033717 
 -0.13464169   0.08237160   0.30033007 
 -0.14317479   0.06644128   0.30033029 
 -0.15232776   0.04134875   0.30033060 
  -0.17214827   0.09986723   0.29900306 
  -0.16078393   0.09611604   0.29900322 
  -0.15224093   0.09506398   0.29900334 
  -0.14510803   0.09526053   0.29900345 
  -0.13883071   0.09624855   0.29900355 
  -0.13310098   0.09785515   0.29900365 
  -0.12770197   0.10004674   0.29900375 
  -0.12243335   0.10291324   0.29900384 
 -0.13464169   0.08237160   0.29899673 
 -0.14317479   0.06644128   0.29899696 
 -0.15232776   0.04134875   0.29899726 
  -0.17214827   0.09986723   0.29766972 
  -0.16078393   0.09611604   0.29766988 
  -0.15224093   0.09506398   0.29767001 
  -0.14510803   0.09526053   0.29767012 
  -0.13883071   0.09624855   0.29767022 
  -0.13310098   0.09785515   0.29767032 
  -0.12770197   0.10004674   0.29767041 
  -0.12243335   0.10291324   0.29767051 
 -0.13464169   0.08237160   0.29766340 
 -0.14317479   0.06644128   0.29766363 
 -0.15232776   0.04134875   0.29766393 
  -0.17214827   0.09986723   0.29633639 
  -0.16078393   0.09611604   0.29633655 
  -0.15224093   0.09506398   0.29633668 
  -0.14510803   0.09526053   0.29633679 
  -0.13883071   0.09624855   0.29633689 
  -0.13310098   0.09785515   0.29633698 
  -0.12770197   0.10004674   0.29633708 
  -0.12243335   0.10291324   0.29633717 
 -0.13464169   0.08237160   0.29633007 
 -0.14317479   0.06644128   0.29633029 
 -0.15232776   0.04134875   0.29633060 
  -0.17214827   0.09986723   0.29500306 
  -0.16078393   0.09611604   0.29500322 
  -0.15224093   0.09506398   0.29500334 
  -0.14510803   0.09526053   0.29500345 
  -0.13883071   0.09624855   0.29500355 
  -0.13310098   0.09785515   0.29500365 
  -0.12770197   0.10004674   0.29500375 
  -0.12243335   0.10291324   0.29500384 
 -0.13464169   0.08237160   0.29499673 
 -0.14317479   0.06644128   0.29499696 
 -0.15232776   0.04134875   0.29499726 
  -0.17214827   0.09986723   0.29366972 
  -0.16078393   0.09611604   0.29366988 
  -0.15224093   0.09506398   0.29367001 
  -0.14510803   0.09526053   0.29367012 
  -0.13883071   0.09624855   0.29367022 
  -0.13310098   0.09785515   0.29367032 
  -0.12770197   0.10004674   0.29367041 
  -0.12243335   0.10291324   0.29367051 
 -0.13464169   0.08237160   0.29366340 
 -0.14317479   0.06644128   0.29366363 
 -0.15232776   0.04134875   0.29366393 
  -0.17214827   0.09986723   0.29233639 
  -0.16078393   0.09611604   0.29233655 
  -0.15224093   0.09506398   0.29233668 
  -0.14510803   0.09526053   0.29233679 
  -0.13883071   0.09624855   0.29233689 
  -0.13310098   0.09785515   0.29233698 
  -0.12770197   0.10004674   0.29233708 
  -0.12243335   0.10291324   0.29233717 
 -0.13464169   0.08237160   0.29233007 
 -0.14317479   0.06644128   0.29233029 
 -0.15232776   0.04134875   0.29233060 
  -0.17214827   0.09986723   0.29100306 
  -0.16078393   0.09611604   0.29100322 
  -0.15224093   0.09506398   0.29100334 
  -0.14510803   0.09526053   0.29100345 
  -0.13883071   0.09624855   0.29100355 
  -0.13310098   0.09785515   0.29100365 
  -0.12770197   0.10004674   0.29100375 
  -0.12243335   0.10291324   0.29100384 
 -0.13464169   0.08237160   0.29099673 
 -0.14317479   0.06644128   0.29099696 
 -0.15232776   0.04134875   0.29099726 
  -0.17214827   0.09986723   0.28966972 
  -0.16078393   0.09611604   0.28966988 
  -0.15224093   0.09506398   0.28967001 
  -0.14510803   0.09526053   0.28967012 
  -0.13883071   0.09624855   0.28967022 
  -0.13310098   0.09785515   0.28967032 
  -0.12770197   0.10004674   0.28967041 
  -0.12243335   0.10291324   0.28967051 
 -0.13464169   0.08237160   0.28966340 
 -0.14317479   0.06644128   0.28966363 
 -0.15232776   0.04134875   0.28966393 
  -0.17214827   0.09986723   0.28833639 
  -0.16078393   0.09611604   0.28833655 
  -0.15224093   0.09506398   0.28833668 
  -0.14510803   0.09526053   0.28833679 
  -0.13883071   0.09624855   0.28833689 
  -0.13310098   0.09785515   0.28833698 
  -0.12770197   0.10004674   0.28833708 
  -0.12243335   0.10291324   0.28833717 
 -0.13464169   0.08237160   0.28833007 
 -0.14317479   0.06644128   0.28833029 
 -0.15232776   0.04134875   0.28833060 
  -0.17214827   0.09986723   0.28700306 
  -0.16078393   0.09611604   0.28700322 
  -0.15224093   0.09506398   0.28700334 
  -0.14510803   0.09526053   0.28700345 
  -0.13883071   0.09624855   0.28700355 
  -0.13310098   0.09785515   0.28700365 
  -0.12770197   0.10004674   0.28700375 
  -0.12243335   0.10291324   0.28700384 
 -0.13464169   0.08237160   0.28699673 
 -0.14317479   0.06644128   0.28699696 
 -0.15232776   0.04134875   0.28699726 
  -0.17214826   0.09986723   0.28566972 
  -0.16078393   0.09611604   0.28566988 
  -0.15224093   0.09506398   0.28567001 
  -0.14510803   0.09526053   0.28567012 
  -0.13883071   0.09624855   0.28567022 
  -0.13310098   0.09785515   0.28567032 
  -0.12770197   0.10004674   0.28567041 
  -0.12243335   0.10291324   0.28567051 
 -0.13464169   0.08237160   0.28566340 
 -0.14317479   0.06644128   0.28566363 
 -0.15232776   0.04134875   0.28566393 
  -0.17214826   0.09986723   0.28433639 
  -0.16078393   0.09611604   0.28433655 
  -0.15224093   0.09506398   0.28433668 
  -0.14510803   0.09526053   0.28433679 
  -0.13883071   0.09624855   0.28433689 
  -0.13310098   0.09785515   0.28433698 
  -0.12770197   0.10004674   0.28433708 
  -0.12243335   0.10291324   0.28433717 
 -0.13464169   0.08237160   0.28433007 
 -0.14317479   0.06644128   0.28433029 
 -0.15232776   0.04134874   0.28433060 
  -0.17214826   0.09986723   0.28300306 
  -0.16078393   0.09611604   0.28300322 
  -0.15224093   0.09506398   0.28300334 
  -0.14510803   0.09526053   0.28300345 
  -0.13883071   0.09624855   0.28300355 
  -0.13310098   0.09785515   0.28300365 
  -0.12770197   0.10004674   0.28300375 
  -0.12243335   0.10291324   0.28300384 
 -0.13464169   0.08237160   0.28299673 
 -0.14317480   0.06644128   0.28299696 
 -0.15232776   0.04134874   0.28299726 
  -0.17214826   0.09986723   0.28166972 
  -0.16078393   0.09611604   0.28166988 
  -0.15224093   0.09506398   0.28167001 
  -0.14510803   0.09526053   0.28167012 
  -0.13883071   0.09624855   0.28167022 
  -0.13310098   0.09785515   0.28167032 
  -0.12770197   0.10004674   0.28167041 
  -0.12243335   0.10291324   0.28167051 
 -0.13464169   0.08237160   0.28166340 
 -0.14317480   0.06644128   0.28166363 
 -0.15232776   0.04134874   0.28166393 
  -0.17214826   0.09986723   0.28033639 
  -0.16078393   0.09611604   0.28033655 
  -0.15224093   0.09506398   0.28033668 
  -0.14510803   0.09526053   0.28033679 
  -0.13883071   0.09624855   0.28033689 
  -0.13310098   0.09785515   0.28033698 
  -0.12770197   0.10004674   0.28033708 
  -0.12243335   0.10291324   0.28033717 
 -0.13464169   0.08237160   0.28033007 
 -0.14317480   0.06644128   0.28033029 
 -0.15232776   0.04134874   0.28033060 
  -0.17214826   0.09986723   0.27900306 
  -0.16078393   0.09611604   0.27900322 
  -0.15224093   0.09506398   0.27900334 
  -0.14510803   0.09526053   0.27900345 
  -0.13883071   0.09624856   0.27900355 
  -0.13310098   0.09785515   0.27900365 
  -0.12770197   0.10004674   0.27900375 
  -0.12243335   0.10291324   0.27900384 
 -0.13464169   0.08237160   0.27899673 
 -0.14317480   0.06644128   0.27899696 
 -0.15232776   0.04134874   0.27899726 
