  -0.14649011      0.05877171     0.31100354  
   -0.15484939      0.07216040     0.31100354  
  nan nan nan 
  -0.14414554      0.06430807     0.31100358  
   -0.15146152      0.07829418     0.31100358  
  nan nan nan 
  -0.14150909      0.06991883     0.31100362  
   -0.14770493      0.08443594     0.31100362  
  nan nan nan 
  -0.13855090      0.07561160     0.31100366  
   -0.14354738      0.09058391     0.31100366  
  nan nan nan 
  -0.13523380      0.08139586     0.31100371  
   -0.13894886      0.09673642     0.31100371  
  nan nan nan 
  -0.13151058      0.08728363     0.31100376  
   -0.13385873      0.10289199     0.31100376  
  nan nan nan 
  -0.12731980      0.09329058     0.31100381  
   -0.12821122      0.10904939     0.31100381  
  nan nan nan 
  -0.12257895      0.09943775     0.31100387  
   -0.12191829      0.11520792     0.31100387  
  nan nan nan 
  -0.14649011      0.05877171     0.30967021  
   -0.15484939      0.07216040     0.30967021  
  nan nan nan 
  -0.14414554      0.06430807     0.30967024  
   -0.15146152      0.07829418     0.30967024  
  nan nan nan 
  -0.14150909      0.06991883     0.30967028  
   -0.14770493      0.08443594     0.30967028  
  nan nan nan 
  -0.13855090      0.07561160     0.30967033  
   -0.14354738      0.09058391     0.30967033  
  nan nan nan 
  -0.13523380      0.08139586     0.30967037  
   -0.13894886      0.09673642     0.30967037  
  nan nan nan 
  -0.13151058      0.08728363     0.30967042  
   -0.13385873      0.10289199     0.30967042  
  nan nan nan 
  -0.12731980      0.09329058     0.30967048  
   -0.12821122      0.10904939     0.30967048  
  nan nan nan 
  -0.12257895      0.09943775     0.30967054  
   -0.12191829      0.11520792     0.30967054  
  nan nan nan 
  -0.14649011      0.05877171     0.30833687  
   -0.15484939      0.07216040     0.30833687  
  nan nan nan 
  -0.14414554      0.06430807     0.30833691  
   -0.15146152      0.07829418     0.30833691  
  nan nan nan 
  -0.14150909      0.06991883     0.30833695  
   -0.14770493      0.08443594     0.30833695  
  nan nan nan 
  -0.13855090      0.07561160     0.30833699  
   -0.14354738      0.09058391     0.30833699  
  nan nan nan 
  -0.13523380      0.08139586     0.30833704  
   -0.13894886      0.09673642     0.30833704  
  nan nan nan 
  -0.13151058      0.08728363     0.30833709  
   -0.13385873      0.10289199     0.30833709  
  nan nan nan 
  -0.12731980      0.09329058     0.30833715  
   -0.12821122      0.10904939     0.30833715  
  nan nan nan 
  -0.12257895      0.09943775     0.30833721  
   -0.12191829      0.11520792     0.30833721  
  nan nan nan 
  -0.14649011      0.05877171     0.30700354  
   -0.15484939      0.07216040     0.30700354  
  nan nan nan 
  -0.14414554      0.06430807     0.30700358  
   -0.15146152      0.07829418     0.30700358  
  nan nan nan 
  -0.14150909      0.06991883     0.30700362  
   -0.14770493      0.08443594     0.30700362  
  nan nan nan 
  -0.13855090      0.07561160     0.30700366  
   -0.14354738      0.09058391     0.30700366  
  nan nan nan 
  -0.13523380      0.08139586     0.30700371  
   -0.13894886      0.09673642     0.30700371  
  nan nan nan 
  -0.13151058      0.08728363     0.30700376  
   -0.13385873      0.10289199     0.30700376  
  nan nan nan 
  -0.12731980      0.09329058     0.30700381  
   -0.12821122      0.10904939     0.30700381  
  nan nan nan 
  -0.12257895      0.09943775     0.30700387  
   -0.12191829      0.11520792     0.30700387  
  nan nan nan 
  -0.14649011      0.05877171     0.30567021  
   -0.15484939      0.07216040     0.30567021  
  nan nan nan 
  -0.14414554      0.06430807     0.30567024  
   -0.15146152      0.07829418     0.30567024  
  nan nan nan 
  -0.14150909      0.06991883     0.30567028  
   -0.14770493      0.08443594     0.30567028  
  nan nan nan 
  -0.13855090      0.07561160     0.30567033  
   -0.14354738      0.09058391     0.30567033  
  nan nan nan 
  -0.13523380      0.08139586     0.30567037  
   -0.13894886      0.09673642     0.30567037  
  nan nan nan 
  -0.13151058      0.08728363     0.30567042  
   -0.13385873      0.10289199     0.30567042  
  nan nan nan 
  -0.12731980      0.09329058     0.30567048  
   -0.12821122      0.10904939     0.30567048  
  nan nan nan 
  -0.12257895      0.09943775     0.30567054  
   -0.12191829      0.11520792     0.30567054  
  nan nan nan 
  -0.14649011      0.05877171     0.30433687  
   -0.15484939      0.07216040     0.30433687  
  nan nan nan 
  -0.14414554      0.06430807     0.30433691  
   -0.15146152      0.07829418     0.30433691  
  nan nan nan 
  -0.14150909      0.06991883     0.30433695  
   -0.14770492      0.08443594     0.30433695  
  nan nan nan 
  -0.13855090      0.07561160     0.30433699  
   -0.14354738      0.09058391     0.30433699  
  nan nan nan 
  -0.13523380      0.08139586     0.30433704  
   -0.13894886      0.09673642     0.30433704  
  nan nan nan 
  -0.13151058      0.08728363     0.30433709  
   -0.13385873      0.10289199     0.30433709  
  nan nan nan 
  -0.12731980      0.09329058     0.30433715  
   -0.12821122      0.10904939     0.30433715  
  nan nan nan 
  -0.12257895      0.09943775     0.30433721  
   -0.12191829      0.11520792     0.30433721  
  nan nan nan 
  -0.14649011      0.05877171     0.30300354  
   -0.15484939      0.07216040     0.30300354  
  nan nan nan 
  -0.14414554      0.06430807     0.30300358  
   -0.15146152      0.07829418     0.30300358  
  nan nan nan 
  -0.14150909      0.06991883     0.30300362  
   -0.14770492      0.08443594     0.30300362  
  nan nan nan 
  -0.13855090      0.07561160     0.30300366  
   -0.14354738      0.09058391     0.30300366  
  nan nan nan 
  -0.13523380      0.08139586     0.30300371  
   -0.13894886      0.09673642     0.30300371  
  nan nan nan 
  -0.13151058      0.08728363     0.30300376  
   -0.13385873      0.10289199     0.30300376  
  nan nan nan 
  -0.12731980      0.09329058     0.30300381  
   -0.12821122      0.10904939     0.30300381  
  nan nan nan 
  -0.12257895      0.09943775     0.30300387  
   -0.12191829      0.11520792     0.30300387  
  nan nan nan 
  -0.14649011      0.05877171     0.30167021  
   -0.15484939      0.07216040     0.30167021  
  nan nan nan 
  -0.14414554      0.06430807     0.30167024  
   -0.15146152      0.07829418     0.30167024  
  nan nan nan 
  -0.14150909      0.06991883     0.30167028  
   -0.14770492      0.08443594     0.30167028  
  nan nan nan 
  -0.13855090      0.07561160     0.30167033  
   -0.14354738      0.09058391     0.30167033  
  nan nan nan 
  -0.13523380      0.08139586     0.30167037  
   -0.13894886      0.09673642     0.30167037  
  nan nan nan 
  -0.13151058      0.08728363     0.30167042  
   -0.13385873      0.10289199     0.30167042  
  nan nan nan 
  -0.12731980      0.09329059     0.30167048  
   -0.12821122      0.10904939     0.30167048  
  nan nan nan 
  -0.12257895      0.09943775     0.30167054  
   -0.12191829      0.11520792     0.30167054  
  nan nan nan 
  -0.14649011      0.05877171     0.30033687  
   -0.15484939      0.07216040     0.30033687  
  nan nan nan 
  -0.14414554      0.06430807     0.30033691  
   -0.15146152      0.07829418     0.30033691  
  nan nan nan 
  -0.14150909      0.06991883     0.30033695  
   -0.14770492      0.08443594     0.30033695  
  nan nan nan 
  -0.13855090      0.07561160     0.30033699  
   -0.14354738      0.09058391     0.30033699  
  nan nan nan 
  -0.13523380      0.08139586     0.30033704  
   -0.13894886      0.09673642     0.30033704  
  nan nan nan 
  -0.13151058      0.08728363     0.30033709  
   -0.13385873      0.10289199     0.30033709  
  nan nan nan 
  -0.12731980      0.09329059     0.30033715  
   -0.12821122      0.10904939     0.30033715  
  nan nan nan 
  -0.12257895      0.09943775     0.30033721  
   -0.12191829      0.11520792     0.30033721  
  nan nan nan 
  -0.14649011      0.05877171     0.29900354  
   -0.15484939      0.07216040     0.29900354  
  nan nan nan 
  -0.14414554      0.06430807     0.29900358  
   -0.15146152      0.07829418     0.29900358  
  nan nan nan 
  -0.14150909      0.06991883     0.29900362  
   -0.14770492      0.08443594     0.29900362  
  nan nan nan 
  -0.13855090      0.07561160     0.29900366  
   -0.14354738      0.09058391     0.29900366  
  nan nan nan 
  -0.13523380      0.08139586     0.29900371  
   -0.13894886      0.09673642     0.29900371  
  nan nan nan 
  -0.13151058      0.08728363     0.29900376  
   -0.13385873      0.10289199     0.29900376  
  nan nan nan 
  -0.12731980      0.09329059     0.29900381  
   -0.12821122      0.10904939     0.29900381  
  nan nan nan 
  -0.12257895      0.09943775     0.29900387  
   -0.12191829      0.11520792     0.29900387  
  nan nan nan 
  -0.14649011      0.05877171     0.29767021  
   -0.15484939      0.07216040     0.29767021  
  nan nan nan 
  -0.14414554      0.06430807     0.29767024  
   -0.15146152      0.07829418     0.29767024  
  nan nan nan 
  -0.14150909      0.06991883     0.29767028  
   -0.14770492      0.08443594     0.29767028  
  nan nan nan 
  -0.13855090      0.07561160     0.29767033  
   -0.14354738      0.09058391     0.29767033  
  nan nan nan 
  -0.13523380      0.08139586     0.29767037  
   -0.13894886      0.09673643     0.29767037  
  nan nan nan 
  -0.13151058      0.08728363     0.29767042  
   -0.13385873      0.10289199     0.29767042  
  nan nan nan 
  -0.12731980      0.09329059     0.29767048  
   -0.12821122      0.10904939     0.29767048  
  nan nan nan 
  -0.12257895      0.09943775     0.29767054  
   -0.12191829      0.11520792     0.29767054  
  nan nan nan 
  -0.14649011      0.05877171     0.29633687  
   -0.15484939      0.07216040     0.29633687  
  nan nan nan 
  -0.14414554      0.06430807     0.29633691  
   -0.15146152      0.07829418     0.29633691  
  nan nan nan 
  -0.14150909      0.06991883     0.29633695  
   -0.14770492      0.08443594     0.29633695  
  nan nan nan 
  -0.13855090      0.07561160     0.29633699  
   -0.14354738      0.09058391     0.29633699  
  nan nan nan 
  -0.13523380      0.08139586     0.29633704  
   -0.13894886      0.09673643     0.29633704  
  nan nan nan 
  -0.13151058      0.08728363     0.29633709  
   -0.13385873      0.10289199     0.29633709  
  nan nan nan 
  -0.12731980      0.09329059     0.29633715  
   -0.12821122      0.10904939     0.29633715  
  nan nan nan 
  -0.12257895      0.09943775     0.29633721  
   -0.12191829      0.11520792     0.29633721  
  nan nan nan 
  -0.14649011      0.05877171     0.29500354  
   -0.15484939      0.07216040     0.29500354  
  nan nan nan 
  -0.14414554      0.06430807     0.29500358  
   -0.15146152      0.07829418     0.29500358  
  nan nan nan 
  -0.14150909      0.06991883     0.29500362  
   -0.14770492      0.08443594     0.29500362  
  nan nan nan 
  -0.13855090      0.07561160     0.29500366  
   -0.14354738      0.09058391     0.29500366  
  nan nan nan 
  -0.13523380      0.08139586     0.29500371  
   -0.13894886      0.09673643     0.29500371  
  nan nan nan 
  -0.13151058      0.08728363     0.29500376  
   -0.13385873      0.10289199     0.29500376  
  nan nan nan 
  -0.12731980      0.09329059     0.29500381  
   -0.12821122      0.10904939     0.29500381  
  nan nan nan 
  -0.12257895      0.09943775     0.29500387  
   -0.12191829      0.11520792     0.29500387  
  nan nan nan 
  -0.14649011      0.05877171     0.29367021  
   -0.15484939      0.07216040     0.29367021  
  nan nan nan 
  -0.14414554      0.06430807     0.29367024  
   -0.15146152      0.07829418     0.29367024  
  nan nan nan 
  -0.14150909      0.06991883     0.29367028  
   -0.14770492      0.08443594     0.29367028  
  nan nan nan 
  -0.13855090      0.07561160     0.29367033  
   -0.14354738      0.09058391     0.29367033  
  nan nan nan 
  -0.13523380      0.08139586     0.29367037  
   -0.13894886      0.09673643     0.29367037  
  nan nan nan 
  -0.13151058      0.08728363     0.29367042  
   -0.13385873      0.10289199     0.29367042  
  nan nan nan 
  -0.12731980      0.09329059     0.29367048  
   -0.12821122      0.10904939     0.29367048  
  nan nan nan 
  -0.12257895      0.09943775     0.29367054  
   -0.12191829      0.11520792     0.29367054  
  nan nan nan 
  -0.14649011      0.05877171     0.29233687  
   -0.15484939      0.07216040     0.29233687  
  nan nan nan 
  -0.14414554      0.06430807     0.29233691  
   -0.15146152      0.07829418     0.29233691  
  nan nan nan 
  -0.14150909      0.06991883     0.29233695  
   -0.14770492      0.08443594     0.29233695  
  nan nan nan 
  -0.13855090      0.07561161     0.29233699  
   -0.14354738      0.09058391     0.29233699  
  nan nan nan 
  -0.13523380      0.08139586     0.29233704  
   -0.13894886      0.09673643     0.29233704  
  nan nan nan 
  -0.13151058      0.08728363     0.29233709  
   -0.13385873      0.10289199     0.29233709  
  nan nan nan 
  -0.12731980      0.09329059     0.29233715  
   -0.12821122      0.10904939     0.29233715  
  nan nan nan 
  -0.12257895      0.09943775     0.29233721  
   -0.12191829      0.11520792     0.29233721  
  nan nan nan 
  -0.14649011      0.05877171     0.29100354  
   -0.15484939      0.07216040     0.29100354  
  nan nan nan 
  -0.14414554      0.06430807     0.29100358  
   -0.15146152      0.07829418     0.29100358  
  nan nan nan 
  -0.14150909      0.06991883     0.29100362  
   -0.14770492      0.08443594     0.29100362  
  nan nan nan 
  -0.13855090      0.07561161     0.29100366  
   -0.14354738      0.09058391     0.29100366  
  nan nan nan 
  -0.13523380      0.08139586     0.29100371  
   -0.13894886      0.09673643     0.29100371  
  nan nan nan 
  -0.13151058      0.08728363     0.29100376  
   -0.13385873      0.10289199     0.29100376  
  nan nan nan 
  -0.12731980      0.09329059     0.29100381  
   -0.12821122      0.10904939     0.29100381  
  nan nan nan 
  -0.12257895      0.09943775     0.29100387  
   -0.12191829      0.11520792     0.29100387  
  nan nan nan 
  -0.14649011      0.05877171     0.28967021  
   -0.15484939      0.07216040     0.28967021  
  nan nan nan 
  -0.14414554      0.06430807     0.28967024  
   -0.15146152      0.07829418     0.28967024  
  nan nan nan 
  -0.14150909      0.06991883     0.28967028  
   -0.14770492      0.08443594     0.28967028  
  nan nan nan 
  -0.13855090      0.07561161     0.28967033  
   -0.14354737      0.09058391     0.28967033  
  nan nan nan 
  -0.13523380      0.08139586     0.28967037  
   -0.13894886      0.09673643     0.28967037  
  nan nan nan 
  -0.13151058      0.08728363     0.28967042  
   -0.13385873      0.10289199     0.28967042  
  nan nan nan 
  -0.12731980      0.09329059     0.28967048  
   -0.12821122      0.10904939     0.28967048  
  nan nan nan 
  -0.12257895      0.09943775     0.28967054  
   -0.12191829      0.11520792     0.28967054  
  nan nan nan 
  -0.14649011      0.05877171     0.28833687  
   -0.15484939      0.07216040     0.28833687  
  nan nan nan 
  -0.14414554      0.06430807     0.28833691  
   -0.15146152      0.07829418     0.28833691  
  nan nan nan 
  -0.14150909      0.06991883     0.28833695  
   -0.14770492      0.08443594     0.28833695  
  nan nan nan 
  -0.13855090      0.07561161     0.28833699  
   -0.14354737      0.09058391     0.28833699  
  nan nan nan 
  -0.13523380      0.08139586     0.28833704  
   -0.13894886      0.09673643     0.28833704  
  nan nan nan 
  -0.13151058      0.08728363     0.28833709  
   -0.13385873      0.10289199     0.28833709  
  nan nan nan 
  -0.12731980      0.09329059     0.28833715  
   -0.12821122      0.10904939     0.28833715  
  nan nan nan 
  -0.12257895      0.09943775     0.28833721  
   -0.12191829      0.11520792     0.28833721  
  nan nan nan 
  -0.14649011      0.05877171     0.28700354  
   -0.15484939      0.07216040     0.28700354  
  nan nan nan 
  -0.14414554      0.06430807     0.28700358  
   -0.15146152      0.07829418     0.28700358  
  nan nan nan 
  -0.14150909      0.06991883     0.28700362  
   -0.14770492      0.08443594     0.28700362  
  nan nan nan 
  -0.13855090      0.07561161     0.28700366  
   -0.14354737      0.09058391     0.28700366  
  nan nan nan 
  -0.13523380      0.08139586     0.28700371  
   -0.13894886      0.09673643     0.28700371  
  nan nan nan 
  -0.13151058      0.08728363     0.28700376  
   -0.13385873      0.10289199     0.28700376  
  nan nan nan 
  -0.12731980      0.09329059     0.28700381  
   -0.12821122      0.10904939     0.28700381  
  nan nan nan 
  -0.12257895      0.09943775     0.28700387  
   -0.12191829      0.11520792     0.28700387  
  nan nan nan 
  -0.14649011      0.05877172     0.28567021  
   -0.15484939      0.07216040     0.28567021  
  nan nan nan 
  -0.14414554      0.06430807     0.28567024  
   -0.15146152      0.07829418     0.28567024  
  nan nan nan 
  -0.14150909      0.06991883     0.28567028  
   -0.14770492      0.08443594     0.28567028  
  nan nan nan 
  -0.13855090      0.07561161     0.28567033  
   -0.14354737      0.09058391     0.28567033  
  nan nan nan 
  -0.13523380      0.08139586     0.28567037  
   -0.13894886      0.09673643     0.28567037  
  nan nan nan 
  -0.13151058      0.08728363     0.28567042  
   -0.13385873      0.10289199     0.28567042  
  nan nan nan 
  -0.12731980      0.09329059     0.28567048  
   -0.12821122      0.10904939     0.28567048  
  nan nan nan 
  -0.12257895      0.09943775     0.28567054  
   -0.12191829      0.11520792     0.28567054  
  nan nan nan 
  -0.14649011      0.05877172     0.28433687  
   -0.15484939      0.07216040     0.28433687  
  nan nan nan 
  -0.14414554      0.06430807     0.28433691  
   -0.15146152      0.07829418     0.28433691  
  nan nan nan 
  -0.14150909      0.06991883     0.28433695  
   -0.14770492      0.08443594     0.28433695  
  nan nan nan 
  -0.13855090      0.07561161     0.28433699  
   -0.14354737      0.09058391     0.28433699  
  nan nan nan 
  -0.13523380      0.08139586     0.28433704  
   -0.13894886      0.09673643     0.28433704  
  nan nan nan 
  -0.13151058      0.08728363     0.28433709  
   -0.13385873      0.10289199     0.28433709  
  nan nan nan 
  -0.12731980      0.09329059     0.28433715  
   -0.12821122      0.10904939     0.28433715  
  nan nan nan 
  -0.12257895      0.09943775     0.28433721  
   -0.12191829      0.11520792     0.28433721  
  nan nan nan 
  -0.14649011      0.05877172     0.28300354  
   -0.15484939      0.07216040     0.28300354  
  nan nan nan 
  -0.14414554      0.06430807     0.28300358  
   -0.15146152      0.07829418     0.28300358  
  nan nan nan 
  -0.14150909      0.06991883     0.28300362  
   -0.14770492      0.08443594     0.28300362  
  nan nan nan 
  -0.13855090      0.07561161     0.28300366  
   -0.14354737      0.09058391     0.28300366  
  nan nan nan 
  -0.13523380      0.08139586     0.28300371  
   -0.13894886      0.09673643     0.28300371  
  nan nan nan 
  -0.13151058      0.08728363     0.28300376  
   -0.13385873      0.10289199     0.28300376  
  nan nan nan 
  -0.12731980      0.09329059     0.28300381  
   -0.12821122      0.10904939     0.28300381  
  nan nan nan 
  -0.12257895      0.09943775     0.28300387  
   -0.12191829      0.11520792     0.28300387  
  nan nan nan 
  -0.14649011      0.05877172     0.28167021  
   -0.15484939      0.07216040     0.28167021  
  nan nan nan 
  -0.14414554      0.06430807     0.28167024  
   -0.15146152      0.07829418     0.28167024  
  nan nan nan 
  -0.14150909      0.06991884     0.28167028  
   -0.14770492      0.08443594     0.28167028  
  nan nan nan 
  -0.13855090      0.07561161     0.28167033  
   -0.14354737      0.09058391     0.28167033  
  nan nan nan 
  -0.13523380      0.08139586     0.28167037  
   -0.13894886      0.09673643     0.28167037  
  nan nan nan 
  -0.13151058      0.08728363     0.28167042  
   -0.13385873      0.10289199     0.28167042  
  nan nan nan 
  -0.12731980      0.09329059     0.28167048  
   -0.12821122      0.10904940     0.28167048  
  nan nan nan 
  -0.12257895      0.09943775     0.28167054  
   -0.12191829      0.11520792     0.28167054  
  nan nan nan 
  -0.14649011      0.05877172     0.28033687  
   -0.15484939      0.07216041     0.28033687  
  nan nan nan 
  -0.14414554      0.06430807     0.28033691  
   -0.15146152      0.07829418     0.28033691  
  nan nan nan 
  -0.14150909      0.06991884     0.28033695  
   -0.14770492      0.08443594     0.28033695  
  nan nan nan 
  -0.13855090      0.07561161     0.28033699  
   -0.14354737      0.09058391     0.28033699  
  nan nan nan 
  -0.13523380      0.08139586     0.28033704  
   -0.13894886      0.09673643     0.28033704  
  nan nan nan 
  -0.13151058      0.08728363     0.28033709  
   -0.13385873      0.10289199     0.28033709  
  nan nan nan 
  -0.12731980      0.09329059     0.28033715  
   -0.12821122      0.10904940     0.28033715  
  nan nan nan 
  -0.12257895      0.09943775     0.28033721  
   -0.12191829      0.11520792     0.28033721  
  nan nan nan 
  -0.14649011      0.05877172     0.27900354  
   -0.15484939      0.07216041     0.27900354  
  nan nan nan 
  -0.14414554      0.06430807     0.27900358  
   -0.15146152      0.07829418     0.27900358  
  nan nan nan 
  -0.14150909      0.06991884     0.27900362  
   -0.14770492      0.08443594     0.27900362  
  nan nan nan 
  -0.13855090      0.07561161     0.27900366  
   -0.14354737      0.09058391     0.27900366  
  nan nan nan 
  -0.13523379      0.08139586     0.27900371  
   -0.13894886      0.09673643     0.27900371  
  nan nan nan 
  -0.13151058      0.08728363     0.27900376  
   -0.13385873      0.10289199     0.27900376  
  nan nan nan 
  -0.12731980      0.09329059     0.27900381  
   -0.12821122      0.10904940     0.27900381  
  nan nan nan 
  -0.12257895      0.09943775     0.27900387  
   -0.12191829      0.11520792     0.27900387  
  nan nan nan 
