 21.77329325  
 25.13949720  
 30.00246460  
 36.11010466  
 43.18097748  
 50.95601179  
 59.21921361  
 67.80188276  
 76.57801844  
 85.45584253  
 94.36847218  
103.26538349  
112.10540500  
120.85145810  
129.46700331  
137.91402571  
146.15233092  
154.13989472  
161.83398956  
169.19280463  
176.17728959  
182.75297994  
188.89159980  
194.57229556  
199.78241240  
204.51777710  
208.78250905  
212.58841593  
215.95406043  
218.90359718  
221.46548472  
223.67116609  
225.55380141  
227.14711385  
228.48439435  
229.59768841  
230.51717266  
231.27071622  
231.88361053  
232.37844423  
232.77509871  
233.09083693  
233.34045987  
233.53650851  
233.68949141  
233.80812246  
233.89955562  
233.96960956  
234.02297431  
234.06339818  
234.09385292  
234.11667709  
234.13370410  
234.14638396  
234.15592404  
234.16349660  
234.17059016  
234.17962201  
234.19496046  
234.22452418  
234.28211285  
234.39058664  
234.58593463  
234.92221237  
235.47728561  
236.35925114  
237.71327317  
239.72839784  
242.64332378  
246.75245464  
252.43359822  
260.16408994  
270.52306504  
284.11933906  
301.36823665  
322.32033523  
347.40539066  
371.77670088  
381.95999484  
382.27710077  
377.50619021  
367.83882593  
354.16947596  
338.06638572  
320.45591531  
302.68890747  
285.57633460  
269.67942971  
255.43036693  
243.07806381  
232.72457296  
224.33786142  
217.80893940  
212.98388949  
209.65375469  
207.60742949  
206.61902030  
206.47820184  
206.98486734  
207.98250235  
209.33422280  
210.91239253  
212.62616304  
214.39264763  
216.15103660  
217.86418783  
219.50963303  
221.06684658  
222.52749474  
223.88146532  
225.12720612  
226.27620302  
227.33337064  
228.30715911  
229.20165150  
230.02867714  
230.79545841  
231.50266465  
232.15713101  
232.76475266  
233.32452541  
233.84256516  
234.32576197  
234.78032039  
235.21081833  
235.61888811  
236.00458367  
236.36610467  
236.70736314  
237.03049345  
237.33853432  
237.63382228  
237.92006590  
238.20076531  
238.47834331  
238.75404567  
239.03024560  
239.30551025  
239.57845346  
239.84780513  
240.11322319  
240.37869236  
240.64331950  
240.90909501  
241.17908584  
241.45636396  
241.74521008  
242.04489067  
242.35618112  
242.67960829  
243.01861000  
243.37120332  
243.74677674  
244.14519640  
244.55980359  
244.99073703  
245.45044065  
245.94253056  
246.46071735  
247.01447073  
247.61072237  
