234.67769987  
235.53691426  
236.66674059  
237.94715904  
239.29169230  
240.67385003  
242.13391203  
243.75052064  
245.65622900  
247.98035875  
250.83518965  
254.33157140  
258.54633739  
263.46592578  
268.96665160  
274.89173379  
281.13121910  
288.12063241  
295.03372242  
297.27381678  
296.04568869  
294.98934100  
293.86511905  
292.47333970  
291.68946962  
291.13622247  
291.36507299  
292.02972971  
292.55183990  
292.52263278  
291.65670356  
289.76131029  
286.82758976  
282.94257634  
278.31086902  
273.13293608  
267.55128918  
261.70085555  
255.71293412  
249.72400785  
243.89592171  
238.39706865  
233.34328492  
228.89074477  
225.15044477  
222.21863434  
220.16235012  
219.00762919  
218.69558537  
219.15319902  
220.23344158  
