xnode= 51, ynode=15 
20.000000 
20.000000 
20.000000 
20.000000 
20.000000 
20.000000 
20.000000 
20.000000 
20.000000 
20.000000 
20.000000 
20.000000 
20.000000 
20.000000 
20.000000 
20.000000 
20.000000 
20.000000 
20.000000 
20.000000 
20.000000 
20.000000 
20.000000 
20.000000 
20.000000 
20.000000 
20.000000 
20.000000 
20.000000 
20.000000 
20.000000 
20.000000 
20.000000 
20.000000 
20.000000 
20.000000 
20.000000 
20.000000 
20.000000 
20.000000 
20.000000 
20.000000 
20.000000 
20.000000 
20.000000 
20.000000 
20.000000 
20.000000 
20.000000 
20.000000 
20.000000 
20.000000 
20.000000 
20.000000 
20.000000 
20.000000 
20.000000 
20.000000 
20.000000 
20.000000 
20.000000 
20.000000 
20.000000 
20.000000 
20.000000 
20.000000 
20.000000 
20.000000 
20.000000 
20.000000 
20.000000 
20.000000 
20.000000 
20.000000 
20.000000 
20.000000 
20.000000 
20.000000 
20.000000 
20.000000 
20.000000 
20.000000 
20.000000 
20.000000 
20.000000 
20.000000 
20.000000 
20.000000 
20.000000 
20.000000 
20.000000 
20.000000 
20.000000 
20.000000 
20.000000 
20.000000 
20.000000 
20.000000 
20.000000 
20.000000 
20.000000 
20.000000 
20.000000 
20.000000 
20.000000 
20.000000 
20.000000 
20.000000 
20.000000 
20.000000 
20.000000 
20.000000 
20.000000 
20.000000 
20.000000 
20.000000 
20.000000 
20.000000 
20.000000 
20.000000 
20.000000 
20.000000 
20.000000 
20.000000 
20.000000 
20.000000 
20.000000 
20.000000 
20.000000 
20.000000 
20.000000 
20.000000 
20.000000 
20.000000 
20.000000 
20.000000 
20.000000 
20.000000 
20.000000 
20.000000 
20.000000 
20.000000 
20.000000 
20.000000 
20.000000 
20.000000 
20.000000 
20.000000 
20.000000 
20.000000 
20.000000 
20.000000 
20.000000 
20.000000 
20.000000 
20.000000 
20.000000 
20.000000 
20.000000 
20.000000 
20.000000 
20.000000 
20.000000 
20.000000 
20.000000 
20.000000 
20.000000 
20.000000 
20.000000 
20.000000 
20.000000 
20.000000 
20.000000 
20.000000 
20.000000 
20.000000 
20.000000 
20.000000 
20.000000 
20.000000 
20.000000 
20.000000 
20.000000 
20.000000 
20.000001 
20.000001 
20.000001 
20.000001 
20.000002 
20.000002 
20.000002 
20.000002 
20.000002 
20.000001 
20.000001 
20.000001 
20.000001 
20.000001 
20.000002 
20.000003 
20.000004 
20.000006 
20.000007 
20.000008 
20.000009 
20.000009 
20.000008 
20.000008 
20.000007 
20.000007 
20.000003 
20.000004 
20.000005 
20.000008 
20.000014 
20.000022 
20.000030 
20.000036 
20.000040 
20.000042 
20.000042 
20.000041 
20.000039 
20.000036 
20.000033 
20.000015 
20.000017 
20.000024 
20.000039 
20.000066 
20.000103 
20.000141 
20.000170 
20.000190 
20.000200 
20.000202 
20.000196 
20.000186 
20.000170 
20.000155 
20.000066 
20.000075 
20.000104 
20.000171 
20.000296 
20.000468 
20.000639 
20.000772 
20.000863 
20.000908 
20.000913 
20.000890 
20.000842 
20.000769 
20.000702 
20.000270 
20.000308 
20.000425 
20.000709 
20.001250 
20.002012 
20.002758 
20.003329 
20.003714 
20.003905 
20.003922 
20.003819 
20.003619 
20.003309 
20.003005 
20.001042 
20.001182 
20.001632 
20.002759 
20.004975 
20.008153 
20.011235 
20.013532 
20.015074 
20.015823 
20.015873 
20.015460 
20.014677 
20.013428 
20.012139 
20.003747 
20.004229 
20.005831 
20.009998 
20.018489 
20.030969 
20.042898 
20.051520 
20.057275 
20.060019 
20.060122 
20.058557 
20.055740 
20.051074 
20.045928 
20.012471 
20.013985 
20.019204 
20.033382 
20.063559 
20.109358 
20.152350 
20.182191 
20.202043 
20.211310 
20.211303 
20.205777 
20.196542 
20.180593 
20.161342 
20.038112 
20.042364 
20.057661 
20.101397 
20.199693 
20.355709 
20.498688 
20.592575 
20.655209 
20.683696 
20.682186 
20.664087 
20.637104 
20.588118 
20.520899 
20.106139 
20.116556 
20.155908 
20.275596 
20.564392 
21.054713 
21.489206 
21.752264 
21.931026 
22.009546 
21.999500 
21.944540 
21.876522 
21.745577 
21.526275 
20.134117 
20.159438 
20.259854 
20.586072 
21.442704 
23.045652 
24.404752 
25.138796 
25.664509 
25.884805 
25.834725 
25.658054 
25.493142 
25.158909 
24.400850 
20.150918 
20.204441 
20.427091 
21.204324 
23.477157 
28.465396 
32.431855 
34.207955 
35.665541 
36.229495 
36.020128 
35.465426 
35.142618 
34.496097 
31.919431 
20.166613 
20.261152 
20.669500 
22.194367 
27.265252 
42.170057 
52.911582 
56.227892 
60.146976 
61.434404 
60.672435 
58.941234 
58.527218 
58.226615 
49.440768 
20.182364 
20.320045 
20.916106 
23.170989 
30.965868 
56.315703 
74.530403 
76.355045 
70.315857 
74.837094 
75.267225 
72.286509 
70.750819 
72.384336 
84.932852 
20.198494 
20.375237 
21.113955 
23.761295 
32.147702 
55.470723 
75.453101 
91.190173 
82.498230 
84.403036 
87.071288 
80.000290 
77.721106 
78.785114 
86.664865 
20.218970 
20.445384 
21.366217 
24.531974 
33.907079 
56.679021 
72.218983 
80.868209 
81.981971 
89.010276 
85.850115 
82.531726 
80.691857 
81.251635 
81.535398 
20.245268 
20.540168 
21.738354 
25.893386 
38.692884 
59.105402 
67.334742 
74.005537 
76.851696 
79.993298 
80.174525 
79.689913 
80.385289 
83.378029 
73.467724 
20.271459 
20.633203 
22.096810 
27.151386 
42.599720 
61.507500 
64.574863 
66.819691 
69.695323 
71.535085 
72.898417 
70.627214 
70.826672 
70.560887 
54.447217 
20.290656 
20.695802 
22.320630 
27.914604 
45.303678 
60.224419 
61.835028 
62.008233 
57.819000 
58.199731 
62.698112 
52.553468 
53.507417 
59.515824 
52.628159 
20.300741 
20.714995 
22.322523 
27.608124 
43.235973 
55.031785 
47.082011 
46.946084 
45.871033 
46.471625 
53.169962 
52.919628 
59.271996 
62.194307 
63.858744 
20.308853 
20.724912 
22.274678 
26.888248 
36.510827 
46.985161 
47.676541 
53.695964 
53.854435 
52.053008 
50.809552 
51.828166 
54.308410 
55.373908 
56.842248 
20.319841 
20.756573 
22.484500 
28.751208 
41.297847 
44.317653 
44.114898 
48.548013 
49.195067 
44.734657 
39.923151 
39.178306 
39.612032 
39.674607 
38.952436 
20.326043 
20.691485 
21.912961 
25.062344 
29.657978 
31.113361 
31.179892 
32.415633 
33.635277 
37.951902 
41.472517 
40.580480 
40.250989 
39.679903 
35.313418 
20.391473 
20.775454 
21.915778 
24.569282 
27.153176 
27.267704 
26.312476 
25.776924 
26.185768 
27.771656 
29.134815 
29.211474 
29.343538 
29.749536 
29.403834 
20.590419 
21.164762 
22.764221 
27.970669 
32.026392 
30.275333 
26.914699 
23.964832 
23.651683 
24.176755 
24.745834 
25.080549 
25.723652 
28.138164 
31.175605 
21.017842 
22.015110 
23.561198 
25.631364 
27.098925 
26.710406 
25.483558 
24.376357 
24.414251 
24.734809 
25.079833 
25.628914 
26.283213 
27.546702 
29.061188 
21.805935 
24.324165 
27.046918 
28.057151 
28.707259 
29.000363 
28.702136 
28.195499 
29.178510 
29.695031 
29.982682 
31.253578 
32.113399 
33.266425 
35.279782 
22.565419 
26.634011 
30.889438 
30.767996 
31.491864 
33.282754 
33.202954 
31.975357 
31.901259 
32.787416 
32.156322 
32.643406 
34.043380 
35.422719 
38.148650 
22.825549 
27.239861 
32.002354 
31.803251 
32.648472 
35.005876 
35.297002 
34.691818 
33.484895 
33.077560 
32.702370 
33.041905 
33.343167 
34.794746 
39.027515 
22.554161 
26.539153 
30.927975 
31.579904 
33.067075 
35.127529 
35.665443 
35.460516 
34.666207 
32.819468 
32.524142 
33.822559 
32.405712 
33.521461 
38.481423 
21.817717 
24.265168 
28.569650 
29.834866 
30.923736 
33.059933 
33.883565 
33.970064 
33.341203 
31.297974 
31.140869 
32.964458 
33.020831 
33.868033 
36.571126 
21.078171 
22.242780 
24.825317 
25.505152 
25.328012 
27.239823 
28.400226 
28.672896 
28.142546 
27.557535 
27.831879 
28.447468 
28.709585 
29.282345 
30.595483 
20.578720 
21.040265 
21.887351 
22.217815 
22.311039 
22.939437 
23.401165 
23.534248 
23.381481 
23.211642 
23.301591 
23.515030 
23.662308 
23.910186 
24.316122 
20.316433 
20.479131 
20.748797 
20.882123 
20.951211 
21.155979 
21.322911 
21.379761 
21.340932 
21.295486 
21.325751 
21.397646 
21.460776 
21.553679 
21.676102 
20.200952 
20.253200 
20.335072 
20.382382 
20.412961 
20.477227 
20.532703 
20.554207 
20.545808 
20.534817 
20.544849 
20.567893 
20.591018 
20.622291 
20.657793 
20.156604 
20.172089 
20.195609 
20.210782 
20.221807 
20.240949 
20.258013 
20.265330 
20.263925 
20.261578 
20.264762 
20.271726 
20.279279 
20.288909 
20.298730 
20.141446 
20.145763 
20.152209 
20.156732 
20.160275 
20.165717 
20.170659 
20.172960 
20.172855 
20.172434 
20.173401 
20.175402 
20.177679 
20.180453 
20.183061 
20.137032 
20.138382 
20.140379 
20.141885 
20.143134 
20.144885 
20.146494 
20.147299 
20.147359 
20.147302 
20.147635 
20.148286 
20.149049 
20.149943 
20.150729 
