xnode= 20, ynode=15, znode=5 
27.146878 
27.132171 
27.126484 
27.144375 
27.164609 
27.171850 
27.163105 
27.141142 
27.121842 
27.127269 
27.145055 
27.146184 
27.120195 
27.061935 
27.005145 
30.221690 
29.962274 
29.848037 
30.159771 
30.466400 
30.564204 
30.445300 
30.115819 
29.792243 
29.906307 
30.230030 
30.264018 
29.949573 
29.090266 
28.169154 
65.449218 
60.601607 
57.862812 
63.839970 
68.067815 
69.018462 
67.824427 
63.327226 
57.358214 
59.852098 
65.983608 
66.109524 
63.946644 
52.286099 
36.961048 
47.628259 
56.517073 
67.160065 
72.438496 
74.375989 
75.361013 
71.396354 
64.753346 
66.585181 
72.848411 
77.323740 
79.990881 
73.666739 
55.520807 
38.163530 
36.861137 
43.885020 
50.424728 
51.883001 
53.005397 
54.005103 
52.845053 
47.889565 
47.389011 
50.642650 
48.195574 
45.174667 
42.830812 
36.700243 
31.067130 
29.541786 
30.000725 
30.761240 
32.259126 
33.966155 
35.749982 
37.695841 
38.015104 
37.959068 
37.489939 
35.293803 
34.760947 
35.471250 
32.236344 
29.056570 
28.310066 
28.282916 
28.122656 
27.931069 
27.740363 
27.643619 
27.694034 
27.717458 
27.708535 
27.658173 
27.549936 
27.497408 
27.466596 
27.293588 
27.124224 
27.514067 
27.492958 
27.425273 
27.231377 
27.032126 
26.968018 
26.950814 
26.946777 
26.944764 
26.941223 
26.935594 
26.931993 
26.928570 
26.919472 
26.910891 
26.940429 
26.938105 
26.931729 
26.919439 
26.907007 
26.900711 
26.898405 
26.897707 
26.897463 
26.897250 
26.896986 
26.896793 
26.896587 
26.896172 
26.895796 
26.897693 
26.897529 
26.897117 
26.896417 
26.895712 
26.895299 
26.895126 
26.895067 
26.895047 
26.895036 
26.895025 
26.895016 
26.895007 
26.894990 
26.894976 
26.895074 
26.895065 
26.895044 
26.895011 
26.894977 
26.894956 
26.894946 
26.894943 
26.894941 
26.894941 
26.894940 
26.894940 
26.894940 
26.894939 
26.894939 
26.894943 
26.894943 
26.894942 
26.894940 
26.894939 
26.894938 
26.894938 
26.894937 
26.894937 
26.894937 
26.894937 
26.894937 
26.894937 
26.894937 
26.894937 
26.894937 
26.894937 
26.894937 
26.894937 
26.894937 
26.894937 
26.894937 
26.894937 
26.894937 
26.894937 
26.894937 
26.894937 
26.894937 
26.894937 
26.894937 
26.894937 
26.894937 
26.894937 
26.894937 
26.894937 
26.894937 
26.894937 
26.894937 
26.894937 
26.894937 
26.894937 
26.894937 
26.894937 
26.894937 
26.894937 
26.894937 
26.894937 
26.894937 
26.894937 
26.894937 
26.894937 
26.894937 
26.894937 
26.894937 
26.894937 
26.894937 
26.894937 
26.894937 
26.894937 
26.894937 
26.894936 
26.894936 
26.894936 
26.894936 
26.894936 
26.894936 
26.894936 
26.894936 
26.894936 
26.894936 
26.894936 
26.894936 
26.894936 
26.894936 
26.894936 
26.894917 
26.894917 
26.894917 
26.894917 
26.894917 
26.894917 
26.894917 
26.894917 
26.894917 
26.894917 
26.894917 
26.894917 
26.894917 
26.894917 
26.894917 
26.894540 
26.894540 
26.894540 
26.894540 
26.894540 
26.894540 
26.894540 
26.894540 
26.894540 
26.894540 
26.894540 
26.894540 
26.894540 
26.894540 
26.894540 
26.888136 
26.888136 
26.888136 
26.888136 
26.888136 
26.888136 
26.888136 
26.888136 
26.888136 
26.888136 
26.888136 
26.888136 
26.888136 
26.888136 
26.888136 
26.799421 
26.799421 
26.799421 
26.799421 
26.799421 
26.799421 
26.799421 
26.799421 
26.799421 
26.799421 
26.799421 
26.799421 
26.799421 
26.799421 
26.799421 
26.690874 
26.676262 
26.670618 
26.688396 
26.708513 
26.715715 
26.707017 
26.685179 
26.666001 
26.671391 
26.689064 
26.690189 
26.664332 
26.606405 
26.549957 
29.736490 
29.481475 
29.370041 
29.676735 
29.980061 
30.077201 
29.959045 
29.633002 
29.314672 
29.426743 
29.745369 
29.779594 
29.466306 
28.615905 
27.707275 
61.962380 
57.827632 
55.623579 
60.767787 
64.616311 
65.544153 
64.368052 
60.252386 
55.141684 
57.295820 
62.612040 
62.879861 
60.561027 
49.909999 
36.403206 
46.185478 
54.120940 
63.690822 
68.685559 
70.598449 
71.360308 
67.777535 
62.027479 
63.529452 
69.097754 
73.243345 
75.406283 
69.424636 
53.074753 
37.597665 
36.034043 
42.267411 
48.185388 
49.757390 
50.827357 
51.678868 
50.537273 
46.255685 
45.772495 
48.437029 
46.389964 
43.665794 
41.296132 
35.684299 
30.575930 
28.956821 
29.412748 
30.165718 
31.535186 
33.109929 
34.762726 
36.482859 
36.799832 
36.743365 
36.277511 
34.372031 
33.845460 
34.284376 
31.419555 
28.581134 
27.761517 
27.734533 
27.594003 
27.424935 
27.260433 
27.182588 
27.232439 
27.255723 
27.246845 
27.196795 
27.090147 
27.037911 
27.006345 
26.835547 
26.668318 
27.018480 
26.997656 
26.931120 
26.755746 
26.576194 
26.512991 
26.495897 
26.491882 
26.489879 
26.486357 
26.480763 
26.477181 
26.473771 
26.464727 
26.456197 
26.485429 
26.483118 
26.476782 
26.464624 
26.452328 
26.446071 
26.443776 
26.443083 
26.442839 
26.442628 
26.442366 
26.442173 
26.441968 
26.441556 
26.441182 
26.443068 
26.442905 
26.442495 
26.441799 
26.441098 
26.440687 
26.440515 
26.440456 
26.440437 
26.440426 
26.440414 
26.440406 
26.440396 
26.440380 
26.440365 
26.440463 
26.440454 
26.440433 
26.440400 
26.440367 
26.440346 
26.440336 
26.440333 
26.440331 
26.440331 
26.440330 
26.440330 
26.440330 
26.440329 
26.440329 
26.440333 
26.440332 
26.440332 
26.440330 
26.440329 
26.440328 
26.440327 
26.440327 
26.440327 
26.440327 
26.440327 
26.440327 
26.440327 
26.440327 
26.440327 
26.440327 
26.440327 
26.440327 
26.440327 
26.440327 
26.440327 
26.440327 
26.440327 
26.440327 
26.440327 
26.440327 
26.440327 
26.440327 
26.440327 
26.440327 
26.440327 
26.440327 
26.440327 
26.440327 
26.440327 
26.440327 
26.440327 
26.440327 
26.440327 
26.440327 
26.440327 
26.440327 
26.440327 
26.440327 
26.440327 
26.440327 
26.440327 
26.440327 
26.440327 
26.440327 
26.440327 
26.440327 
26.440327 
26.440327 
26.440327 
26.440327 
26.440327 
26.440327 
26.440327 
26.440327 
26.440326 
26.440326 
26.440326 
26.440326 
26.440326 
26.440326 
26.440326 
26.440326 
26.440326 
26.440326 
26.440326 
26.440326 
26.440326 
26.440326 
26.440326 
26.440307 
26.440307 
26.440307 
26.440307 
26.440307 
26.440307 
26.440307 
26.440307 
26.440307 
26.440307 
26.440307 
26.440307 
26.440307 
26.440307 
26.440307 
26.439932 
26.439932 
26.439932 
26.439932 
26.439932 
26.439932 
26.439932 
26.439932 
26.439932 
26.439932 
26.439932 
26.439932 
26.439932 
26.439932 
26.439932 
26.433564 
26.433564 
26.433564 
26.433564 
26.433564 
26.433564 
26.433564 
26.433564 
26.433564 
26.433564 
26.433564 
26.433564 
26.433564 
26.433564 
26.433564 
26.345604 
26.345604 
26.345604 
26.345604 
26.345604 
26.345604 
26.345604 
26.345604 
26.345604 
26.345604 
26.345604 
26.345604 
26.345604 
26.345604 
26.345604 
26.311842 
26.297412 
26.291847 
26.309408 
26.329299 
26.336423 
26.327818 
26.306225 
26.287280 
26.292601 
26.310057 
26.311172 
26.285582 
26.228302 
26.172516 
29.308488 
29.060058 
28.952588 
29.251736 
29.549658 
29.645557 
29.528828 
29.208453 
28.897988 
29.007103 
29.318036 
29.352360 
29.041812 
28.206070 
27.316808 
59.148320 
55.544215 
53.723825 
58.253704 
61.798912 
62.698589 
61.549351 
57.742756 
53.265266 
55.166779 
59.874377 
60.223944 
57.829987 
47.984463 
35.856905 
44.935323 
52.135741 
60.873379 
65.618506 
67.492765 
68.098790 
64.816712 
59.731690 
60.998024 
66.031986 
69.900905 
71.698622 
66.015531 
51.065620 
37.036434 
35.307730 
40.936353 
46.368212 
47.997895 
49.023022 
49.764334 
48.651363 
44.871135 
44.404019 
46.644364 
44.885855 
42.391591 
40.032265 
34.832401 
30.137012 
28.467725 
28.916702 
29.656128 
30.924913 
32.392805 
33.937433 
35.486496 
35.797733 
35.741414 
35.284105 
33.595179 
33.077511 
33.329723 
30.744632 
28.170017 
27.307603 
27.281208 
27.155724 
27.003982 
26.859269 
26.795243 
26.844188 
26.867198 
26.858412 
26.808962 
26.704736 
26.653072 
26.620692 
26.453353 
26.289491 
26.608277 
26.587814 
26.522852 
26.361943 
26.197694 
26.135886 
26.119001 
26.115028 
26.113046 
26.109561 
26.104033 
26.100489 
26.097108 
26.088168 
26.079738 
26.108464 
26.106179 
26.099918 
26.087975 
26.075901 
26.069717 
26.067447 
26.066761 
26.066520 
26.066311 
26.066051 
26.065861 
26.065657 
26.065249 
26.064879 
26.066745 
26.066583 
26.066178 
26.065490 
26.064796 
26.064390 
26.064219 
26.064162 
26.064142 
26.064131 
26.064120 
26.064111 
26.064102 
26.064086 
26.064072 
26.064168 
26.064160 
26.064139 
26.064106 
26.064073 
26.064052 
26.064043 
26.064039 
26.064038 
26.064037 
26.064037 
26.064037 
26.064036 
26.064036 
26.064035 
26.064039 
26.064039 
26.064038 
26.064037 
26.064035 
26.064035 
26.064034 
26.064034 
26.064034 
26.064034 
26.064034 
26.064034 
26.064034 
26.064034 
26.064034 
26.064034 
26.064034 
26.064034 
26.064034 
26.064034 
26.064034 
26.064034 
26.064034 
26.064034 
26.064034 
26.064034 
26.064034 
26.064034 
26.064034 
26.064034 
26.064034 
26.064034 
26.064034 
26.064034 
26.064034 
26.064034 
26.064034 
26.064034 
26.064034 
26.064034 
26.064034 
26.064034 
26.064034 
26.064034 
26.064034 
26.064034 
26.064034 
26.064034 
26.064034 
26.064034 
26.064034 
26.064034 
26.064034 
26.064034 
26.064034 
26.064034 
26.064034 
26.064034 
26.064034 
26.064034 
26.064033 
26.064033 
26.064033 
26.064033 
26.064033 
26.064033 
26.064033 
26.064033 
26.064033 
26.064033 
26.064033 
26.064033 
26.064033 
26.064033 
26.064033 
26.064014 
26.064014 
26.064014 
26.064014 
26.064014 
26.064014 
26.064014 
26.064014 
26.064014 
26.064014 
26.064014 
26.064014 
26.064014 
26.064014 
26.064014 
26.063643 
26.063643 
26.063643 
26.063643 
26.063643 
26.063643 
26.063643 
26.063643 
26.063643 
26.063643 
26.063643 
26.063643 
26.063643 
26.063643 
26.063643 
26.057343 
26.057343 
26.057343 
26.057343 
26.057343 
26.057343 
26.057343 
26.057343 
26.057343 
26.057343 
26.057343 
26.057343 
26.057343 
26.057343 
26.057343 
25.970688 
25.970688 
25.970688 
25.970688 
25.970688 
25.970688 
25.970688 
25.970688 
25.970688 
25.970688 
25.970688 
25.970688 
25.970688 
25.970688 
25.970688 
26.009043 
25.994868 
25.989410 
26.006666 
26.026227 
26.033238 
26.024769 
26.003532 
25.984916 
25.990141 
26.007293 
26.008392 
25.983201 
25.926861 
25.872019 
28.943814 
28.702629 
28.599212 
28.889984 
29.181291 
29.275473 
29.160762 
28.847382 
28.545643 
28.651531 
28.953868 
28.987993 
28.681931 
27.864303 
26.997436 
56.979438 
53.743580 
52.178492 
56.282314 
59.598960 
60.469936 
59.351073 
55.780169 
51.740751 
53.465932 
57.746869 
58.137351 
55.726584 
46.490025 
35.347546 
43.891923 
50.557846 
58.684711 
63.221468 
65.050349 
65.555440 
62.496681 
57.876803 
58.985900 
63.633123 
67.284420 
68.837150 
63.402327 
49.484291 
36.506314 
34.692997 
39.885655 
44.957130 
46.602910 
47.590023 
48.254986 
47.173891 
43.743757 
43.291341 
45.247373 
43.683910 
41.358740 
39.033255 
34.145054 
29.757418 
28.073940 
28.513617 
29.236294 
30.429457 
31.815067 
33.275117 
34.701789 
35.005647 
34.949971 
34.503655 
32.966415 
32.459529 
32.594946 
30.209988 
27.827392 
26.947281 
26.921634 
26.806889 
26.667627 
26.536833 
26.482110 
26.529958 
26.552576 
26.543927 
26.495331 
26.393852 
26.343024 
26.310200 
26.146914 
25.987016 
26.282579 
26.262542 
26.199312 
26.049117 
25.896129 
25.835918 
25.819327 
25.815417 
25.813467 
25.810037 
25.804604 
25.801115 
25.797780 
25.788990 
25.780702 
25.808805 
25.806557 
25.800403 
25.788723 
25.776918 
25.770839 
25.768605 
25.767930 
25.767693 
25.767487 
25.767231 
25.767044 
25.766844 
25.766442 
25.766078 
25.767913 
25.767754 
25.767355 
25.766678 
25.765996 
25.765596 
25.765428 
25.765372 
25.765353 
25.765341 
25.765331 
25.765322 
25.765313 
25.765297 
25.765283 
25.765378 
25.765370 
25.765349 
25.765317 
25.765284 
25.765264 
25.765254 
25.765251 
25.765250 
25.765249 
25.765249 
25.765248 
25.765248 
25.765248 
25.765247 
25.765251 
25.765251 
25.765250 
25.765249 
25.765247 
25.765246 
25.765246 
25.765246 
25.765246 
25.765246 
25.765246 
25.765246 
25.765246 
25.765246 
25.765246 
25.765246 
25.765246 
25.765246 
25.765246 
25.765246 
25.765246 
25.765246 
25.765246 
25.765246 
25.765246 
25.765246 
25.765246 
25.765246 
25.765246 
25.765246 
25.765246 
25.765246 
25.765246 
25.765246 
25.765246 
25.765246 
25.765246 
25.765246 
25.765246 
25.765246 
25.765246 
25.765246 
25.765246 
25.765246 
25.765246 
25.765246 
25.765246 
25.765246 
25.765246 
25.765246 
25.765246 
25.765246 
25.765246 
25.765246 
25.765246 
25.765246 
25.765246 
25.765246 
25.765246 
25.765246 
25.765245 
25.765245 
25.765245 
25.765245 
25.765245 
25.765245 
25.765245 
25.765245 
25.765245 
25.765245 
25.765245 
25.765245 
25.765245 
25.765245 
25.765245 
25.765226 
25.765226 
25.765226 
25.765226 
25.765226 
25.765226 
25.765226 
25.765226 
25.765226 
25.765226 
25.765226 
25.765226 
25.765226 
25.765226 
25.765226 
25.764861 
25.764861 
25.764861 
25.764861 
25.764861 
25.764861 
25.764861 
25.764861 
25.764861 
25.764861 
25.764861 
25.764861 
25.764861 
25.764861 
25.764861 
25.758663 
25.758663 
25.758663 
25.758663 
25.758663 
25.758663 
25.758663 
25.758663 
25.758663 
25.758663 
25.758663 
25.758663 
25.758663 
25.758663 
25.758663 
25.673703 
25.673703 
25.673703 
25.673703 
25.673703 
25.673703 
25.673703 
25.673703 
25.673703 
25.673703 
25.673703 
25.673703 
25.673703 
25.673703 
25.673703 
25.781336 
25.767476 
25.762144 
25.779019 
25.798158 
25.805020 
25.796731 
25.775951 
25.757746 
25.762854 
25.779626 
25.780703 
25.756041 
25.700914 
25.647270 
28.645832 
28.411613 
28.311697 
28.594280 
28.878346 
28.970418 
28.858235 
28.552579 
28.259360 
28.362167 
28.656045 
28.689625 
28.389819 
27.592257 
26.748409 
55.432359 
52.416448 
50.993594 
54.839106 
58.000250 
58.844938 
57.756578 
54.348344 
50.572284 
52.189966 
56.209147 
56.611732 
54.228042 
45.410617 
34.890894 
43.062433 
49.381279 
57.104584 
61.478212 
63.259552 
63.710417 
60.800825 
56.465515 
57.485319 
61.883772 
65.379418 
66.794564 
61.554215 
48.321132 
36.023921 
34.195726 
39.108896 
43.938346 
45.568010 
46.523505 
47.142968 
46.092789 
42.876172 
42.436985 
44.231750 
42.781769 
40.569227 
38.293027 
33.621130 
29.441181 
27.774296 
28.203349 
28.907831 
30.048568 
31.375692 
32.774924 
34.123709 
34.419665 
34.365060 
33.930447 
32.486393 
31.991637 
32.070344 
29.813310 
27.555318 
26.679046 
26.654143 
26.546113 
26.414747 
26.292410 
26.242874 
26.289528 
26.311651 
26.303184 
26.255659 
26.156943 
26.107201 
26.074541 
25.915498 
25.759756 
26.040070 
26.020510 
25.959005 
25.815996 
25.670492 
25.611903 
25.595678 
25.591852 
25.589942 
25.586586 
25.581271 
25.577856 
25.574588 
25.565989 
25.557882 
25.585294 
25.583094 
25.577074 
25.565683 
25.554172 
25.548226 
25.546040 
25.545379 
25.545146 
25.544945 
25.544695 
25.544511 
25.544315 
25.543922 
25.543566 
25.545361 
25.545206 
25.544815 
25.544153 
25.543486 
25.543094 
25.542930 
25.542874 
25.542856 
25.542845 
25.542834 
25.542826 
25.542817 
25.542801 
25.542788 
25.542881 
25.542872 
25.542853 
25.542821 
25.542789 
25.542769 
25.542760 
25.542756 
25.542755 
25.542755 
25.542754 
25.542754 
25.542754 
25.542753 
25.542753 
25.542757 
25.542756 
25.542755 
25.542754 
25.542753 
25.542752 
25.542751 
25.542751 
25.542751 
25.542751 
25.542751 
25.542751 
25.542751 
25.542751 
25.542751 
25.542751 
25.542751 
25.542751 
25.542751 
25.542751 
25.542751 
25.542751 
25.542751 
25.542751 
25.542751 
25.542751 
25.542751 
25.542751 
25.542751 
25.542751 
25.542751 
25.542751 
25.542751 
25.542751 
25.542751 
25.542751 
25.542751 
25.542751 
25.542751 
25.542751 
25.542751 
25.542751 
25.542751 
25.542751 
25.542751 
25.542751 
25.542751 
25.542751 
25.542751 
25.542751 
25.542751 
25.542751 
25.542751 
25.542751 
25.542751 
25.542751 
25.542751 
25.542751 
25.542751 
25.542751 
25.542750 
25.542750 
25.542750 
25.542750 
25.542750 
25.542750 
25.542750 
25.542750 
25.542750 
25.542750 
25.542750 
25.542750 
25.542750 
25.542750 
25.542750 
25.542732 
25.542732 
25.542732 
25.542732 
25.542732 
25.542732 
25.542732 
25.542732 
25.542732 
25.542732 
25.542732 
25.542732 
25.542732 
25.542732 
25.542732 
25.542374 
25.542374 
25.542374 
25.542374 
25.542374 
25.542374 
25.542374 
25.542374 
25.542374 
25.542374 
25.542374 
25.542374 
25.542374 
25.542374 
25.542374 
25.536309 
25.536309 
25.536309 
25.536309 
25.536309 
25.536309 
25.536309 
25.536309 
25.536309 
25.536309 
25.536309 
25.536309 
25.536309 
25.536309 
25.536309 
25.453330 
25.453330 
25.453330 
25.453330 
25.453330 
25.453330 
25.453330 
25.453330 
25.453330 
25.453330 
25.453330 
25.453330 
25.453330 
25.453330 
25.453330 
