   308.41238946  
   307.84103001  
   307.17249572  
   306.38608157  
   305.44479116  
   304.30549579  
   302.92907575  
   301.28682768  
   299.36461472  
   297.16196028  
   294.68721536  
   291.95831932  
   289.00108468  
   285.85209775  
   282.56285900  
   279.18608297  
   275.75814882  
   272.29707026  
   268.80425738  
   265.31552771  
   261.89772917  
   258.64052293  
   255.64633187  
   253.03183027  
   250.88538889  
   249.29688586  
   248.33574404  
   248.04360519  
   248.42955273  
   249.47780811  
   251.16576029  
   253.47359554  
   256.39055436  
   259.91008880  
   264.02378940  
   268.70943646  
   273.91469527  
   279.54813501  
   285.47838205  
   291.54000804  
   297.54609978  
   303.30220907  
   308.61964147  
   313.33186618  
   317.30489198  
   320.44738529  
   322.71551958  
   324.11355836  
   324.68650838  
   324.51625082  
   323.71074132  
