    20.13865593  
    20.61302148  
    21.60636414  
    23.25388361  
    25.63907317  
    28.80567891  
    32.77333336  
    37.55026500  
    43.14075239  
    49.54752583  
    56.77043648  
    64.80295172  
    73.62784619  
    83.21312788  
    93.50891030  
   104.44566347  
   115.93405003  
   127.86636647  
   140.11945256  
   152.55880441  
   165.04353186  
   177.43174617  
   189.58595219  
   201.37804998  
   212.69361701  
   223.43523279  
   233.52471065  
   242.90420360  
   251.53624155  
   259.40282948  
   266.50378478  
   272.85451753  
   278.48346227  
   283.42935594  
   287.73853169  
   291.46236444  
   294.65496810  
   297.37120865  
   299.66506522  
   301.58834428  
   303.18973109  
   304.51414769  
   305.60237736  
   306.49091111  
   307.21197082  
   307.79366645  
   308.26024825  
   308.63242079  
   308.92767824  
   309.16059791  
   309.34299822  
   309.48386372  
   309.58899736  
   309.66043410  
   309.69574084  
   309.68740841  
   309.62253616  
   309.48301037  
   309.24621910  
   308.88623987  
   308.37535454  
   307.68576581  
   306.79155218  
   305.67034742  
   304.30488117  
   302.68357951  
   300.80172045  
   298.66171830  
   296.27447135  
   293.65759524  
   290.83831036  
   287.85170315  
   284.75029104  
   281.62305717  
   278.57841484  
   275.71456720  
   273.11636605  
   270.83817135  
   268.92518307  
   267.38928964  
   266.21997259  
   265.39923500  
   264.91937752  
   264.76616993  
   264.93536582  
   265.42141259  
   266.21169414  
   267.28140290  
   268.59191407  
   270.09571057  
   271.74204612  
   273.48134228  
   275.26777169  
   277.06220250  
   278.83309117  
   280.55635946  
   282.21408375  
   283.79440869  
   285.28996408  
   286.69810485  
   288.01886143  
   289.25492589  
   290.41091155  
   291.49126555  
   292.50058592  
   293.44350884  
   294.32477182  
   295.14788990  
   295.91630849  
   296.63282923  
   297.30021472  
   297.92118695  
   298.49853290  
   299.03514840  
   299.53370827  
   299.99645572  
   300.42539544  
   300.82249617  
   301.18967648  
   301.52891303  
   301.84216814  
   302.13145532  
   302.39876239  
   302.64585248  
   302.87407762  
   303.08439017  
   303.27748857  
   303.45395971  
   303.61440405  
   303.75943361  
   303.88969775  
   304.00583231  
   304.10840484  
   304.19783215  
   304.27434958  
   304.33803666  
   304.38881406  
   304.42639143  
   304.45025737  
   304.45966710  
   304.45360757  
   304.43082860  
   304.38977883  
   304.32859303  
   304.24529742  
   304.13823321  
   304.00666766  
   303.85105106  
   303.67310294  
   303.47552561  
   303.26176314  
   303.03570517  
   302.80109891  
   302.56069595  
   302.31577643  
   302.06633303  
   301.81153001  
   301.55033730  
   301.28179027  
   301.00440279  
   300.71547761  
