Direction of winding = 1.000000 
82.300810 
60.939925 
46.281300 
36.215226 
29.298207 
24.541913 
21.269196 
19.015803 
17.463225 
16.392799 
15.654305 
15.144481 
14.792289 
14.548833 
14.380432 
14.263872 
14.183142 
14.127192 
14.088391 
14.061466 
14.042769 
14.029779 
14.020747 
12.618684 
-4098252.751732 
-4146388285511.858400 
-1663282788410097700.000000 
-296583017929804000000000.000000 
-25835009642351413000000000000.000000 
-1189581214105985500000000000000000.000000 
-30944915654159792000000000000000000000.000000 
-481016477609459480000000000000000000000000.000000 
-4533367493261615300000000000000000000000000000.000000 
