Direction of winding = 1.000000 
109.448941 
81.591585 
62.438314 
49.260681 
40.188279 
33.938042 
29.629214 
26.656800 
24.604949 
23.187629 
22.207971 
21.530386 
21.061424 
20.736643 
20.511569 
20.355491 
20.247190 
20.171992 
20.119746 
20.083424 
20.058155 
20.040566 
20.028314 
20.029934 
31777.165736 
33961953820.043514 
14313428120343794.000000 
2667818324831705800000.000000 
241853543896439620000000000.000000 
11546123580645712000000000000000.000000 
310391617159343800000000000000000000.000000 
4971855615493129800000000000000000000000.000000 
48164428432568172000000000000000000000000000.000000 
